chr1	67663630	67663631	rs60690239	chr1	67637401	67637600	17_EnhW2	26031
chr1	67664490	67664491	rs4655527	chr1	67637401	67637600	17_EnhW2	26891
chr1	67664839	67664840	rs58621044	chr1	67637401	67637600	17_EnhW2	27240
chr1	67665542	67665543	rs7556198	chr1	67692601	67692800	17_EnhW2	27059
chr1	67665784	67665785	rs7545884	chr1	67692601	67692800	17_EnhW2	26817
chr1	67665814	67665815	rs11465793	chr1	67692601	67692800	17_EnhW2	26787
chr1	67665910	67665911	rs11465794	chr1	67692601	67692800	17_EnhW2	26691
chr1	67665996	67665997	rs11465796	chr1	67692601	67692800	17_EnhW2	26605
chr1	67667875	67667876	rs4614232	chr1	67692601	67692800	17_EnhW2	24726
chr1	67667935	67667936	rs1977160	chr1	67692601	67692800	17_EnhW2	24666
chr1	67668536	67668537	rs1004821	chr1	67692601	67692800	17_EnhW2	24065
chr1	67668550	67668551	rs1004822	chr1	67692601	67692800	17_EnhW2	24051
chr1	67669633	67669634	rs11580078	chr1	67692601	67692800	17_EnhW2	22968
chr1	67669992	67669993	rs1966176	chr1	67692601	67692800	17_EnhW2	22609
chr1	67670132	67670133	rs1004820	chr1	67692601	67692800	17_EnhW2	22469
chr1	67670767	67670768	rs2863210	chr1	67692601	67692800	17_EnhW2	21834
chr1	67670915	67670916	rs2902440	chr1	67692601	67692800	17_EnhW2	21686
chr1	67679989	67679990	rs2019262	chr1	67692601	67692800	17_EnhW2	12612
chr1	67681668	67681669	rs7517847	chr1	67692601	67692800	17_EnhW2	10933
chr1	67682195	67682196	rs11576518	chr1	67692601	67692800	17_EnhW2	10406
chr1	78821981	78821982	rs59584643	chr1	78821601	78821800	16_EnhW1	182
chr1	78822410	78822411	rs116045895	chr1	78821601	78821800	16_EnhW1	611
chr1	78824326	78824327	rs13375172	chr1	78821601	78821800	16_EnhW1	2527
chr1	78825245	78825246	rs114006992	chr1	78821601	78821800	16_EnhW1	3446
chr1	78825911	78825912	rs7533564	chr1	78821601	78821800	16_EnhW1	4112
chr1	78827463	78827464	rs146151868	chr1	78821601	78821800	16_EnhW1	5664
chr1	78828437	78828438	rs7533823	chr1	78821601	78821800	16_EnhW1	6638
chr1	78829566	78829567	rs201544056	chr1	78835401	78835800	15_EnhAF	5835
chr1	78829806	78829807	rs78109089	chr1	78835401	78835800	15_EnhAF	5595
chr1	78831307	78831308	rs116362880	chr1	78835401	78835800	15_EnhAF	4094
chr1	78833003	78833004	rs79122809	chr1	78835401	78835800	15_EnhAF	2398
chr1	78834863	78834864	rs11809460	chr1	78835401	78835800	15_EnhAF	538
chr1	78834897	78834898	rs11809462	chr1	78835401	78835800	15_EnhAF	504
chr1	78836873	78836874	rs116050397	chr1	78836801	78837200	13_EnhA1	0
chr1	78837433	78837434	rs79842431	chr1	78837401	78837600	15_EnhAF	0
chr1	78839891	78839892	rs80191619	chr1	78841401	78841600	15_EnhAF	1510
chr1	78841378	78841379	rs115363824	chr1	78841401	78841600	15_EnhAF	23
chr1	78846519	78846520	rs111564203	chr1	78842201	78842400	17_EnhW2	4120
chr1	78848781	78848782	rs142216833	chr1	78853401	78853600	17_EnhW2	4620
chr1	78851283	78851284	rs79574016	chr1	78853401	78853600	17_EnhW2	2118
chr1	78853507	78853508	rs1927326	chr1	78853401	78853600	17_EnhW2	0
chr1	78856281	78856282	rs11801375	chr1	78854001	78854400	17_EnhW2	1882
chr1	78865501	78865502	rs61388935	chr1	78874201	78875000	16_EnhW1	8700
chr1	78880905	78880906	rs74361408	chr1	78884601	78884800	16_EnhW1	3696
chr1	78883063	78883064	rs57573873	chr1	78884601	78884800	16_EnhW1	1538
chr1	78885023	78885024	rs115385700	chr1	78884601	78884800	16_EnhW1	224
chr1	78892956	78892957	rs72115436	chr1	78885601	78885800	15_EnhAF	7157
chr1	78901110	78901111	rs57205467	chr1	78905601	78905800	17_EnhW2	4491
chr1	78910448	78910449	rs79567815	chr1	78908201	78908600	18_EnhAc	1849
chr1	78911817	78911818	rs115954681	chr1	78913201	78913400	17_EnhW2	1384
chr1	78916242	78916243	rs115112126	chr1	78913201	78913400	17_EnhW2	2843
chr1	78916800	78916801	rs116311468	chr1	78913201	78913400	17_EnhW2	3401
chr1	78922488	78922489	rs149135195	chr1	78913201	78913400	17_EnhW2	9089
chr1	78935914	78935915	rs58858806	chr1	78937601	78939200	17_EnhW2	1687
chr1	78938596	78938597	rs145924861	chr1	78937601	78939200	17_EnhW2	0
chr1	78939020	78939021	rs1322924	chr1	78937601	78939200	17_EnhW2	0
chr1	78939669	78939670	rs12085484	chr1	78937601	78939200	17_EnhW2	470
chr1	78939980	78939981	rs76096919	chr1	78937601	78939200	17_EnhW2	781
chr1	78939991	78939992	rs113965746	chr1	78937601	78939200	17_EnhW2	792
chr1	78942317	78942318	rs78790806	chr1	78942001	78942600	17_EnhW2	0
chr1	78942501	78942502	rs111748143	chr1	78942001	78942600	17_EnhW2	0
chr1	78944949	78944950	rs11162497	chr1	78942001	78942600	17_EnhW2	2350
chr1	78945428	78945429	rs145050979	chr1	78942001	78942600	17_EnhW2	2829
chr1	78945860	78945861	rs186301561	chr1	78942001	78942600	17_EnhW2	3261
chr1	78946116	78946117	rs140131468	chr1	78949601	78949800	16_EnhW1	3485
chr1	78946466	78946467	rs11485266	chr1	78949601	78949800	16_EnhW1	3135
chr1	78947921	78947922	rs111746923	chr1	78949601	78949800	16_EnhW1	1680
chr1	78948893	78948894	rs75803792	chr1	78949601	78949800	16_EnhW1	708
chr1	78949174	78949175	rs77361675	chr1	78949601	78949800	16_EnhW1	427
chr1	78951993	78951994	rs12074558	chr1	78949801	78950000	17_EnhW2	1994
chr1	78952285	78952286	rs12088784	chr1	78949801	78950000	17_EnhW2	2286
chr1	78952347	78952348	rs12073698	chr1	78949801	78950000	17_EnhW2	2348
chr1	78952411	78952412	rs28791033	chr1	78949801	78950000	17_EnhW2	2412
chr1	78953036	78953037	rs12074955	chr1	78949801	78950000	17_EnhW2	3037
chr1	78954820	78954821	rs12076694	chr1	78949801	78950000	17_EnhW2	4821
chr1	82237576	82237577	rs2066363	chr1	82226001	82226200	17_EnhW2	11377
chr1	114303807	114303808	rs6679677	chr1	114303001	114303200	14_EnhA2	608
chr1	114377567	114377568	rs2476601	chr1	114398401	114398600	16_EnhW1	20834
chr1	114426000	114426001	rs11102694	chr1	114415401	114415600	17_EnhW2	10401
chr1	114429460	114429461	rs2358994	chr1	114441401	114442000	17_EnhW2	11941
chr1	114429514	114429515	rs2358995	chr1	114441401	114442000	17_EnhW2	11887
chr1	114431462	114431463	rs7547478	chr1	114441401	114442000	17_EnhW2	9939
chr1	114445879	114445880	rs7513707	chr1	114441401	114442000	17_EnhW2	3880
chr1	114448388	114448389	rs11552449	chr1	114441401	114442000	17_EnhW2	6389
chr1	114449661	114449662	rs3761936	chr1	114455201	114455400	15_EnhAF	5540
chr1	114449828	114449829	rs11102701	chr1	114455201	114455400	15_EnhAF	5373
chr1	114450963	114450964	rs11102702	chr1	114455201	114455400	15_EnhAF	4238
chr1	114451385	114451386	rs12046289	chr1	114455201	114455400	15_EnhAF	3816
chr1	157588429	157588430	rs2777971	chr1	157409001	157409200	17_EnhW2	179230
chr1	157588535	157588536	rs2777972	chr1	157409001	157409200	17_EnhW2	179336
chr1	157593528	157593529	rs2777981	chr1	157409001	157409200	17_EnhW2	184329
chr1	157595313	157595314	rs2026391	chr1	157409001	157409200	17_EnhW2	186114
chr1	157596137	157596138	rs2758640	chr1	157409001	157409200	17_EnhW2	186938
chr1	157606001	157606002	rs2758697	chr1	157409001	157409200	17_EnhW2	196802
chr1	157607518	157607519	rs2778015	chr1	157409001	157409200	17_EnhW2	198319
chr1	157607786	157607787	rs2758685	chr1	157409001	157409200	17_EnhW2	198587
chr1	157609564	157609565	rs4971145	chr1	157409001	157409200	17_EnhW2	200365
chr1	157611632	157611633	rs2778012	chr1	157409001	157409200	17_EnhW2	202433
chr1	157612419	157612420	rs9427302	chr1	157409001	157409200	17_EnhW2	203220
chr1	157620757	157620758	rs2785663	chr1	157409001	157409200	17_EnhW2	211558
chr1	157621639	157621640	rs35645122	chr1	157409001	157409200	17_EnhW2	212440
chr1	157621834	157621835	rs2778009	chr1	157409001	157409200	17_EnhW2	212635
chr1	157623016	157623017	rs2785665	chr1	157409001	157409200	17_EnhW2	213817
chr1	157625121	157625122	rs2785666	chr1	157409001	157409200	17_EnhW2	215922
chr1	157627355	157627356	rs138136990	chr1	157409001	157409200	17_EnhW2	218156
chr1	157628187	157628188	rs34127885	chr1	157409001	157409200	17_EnhW2	218988
chr1	157629691	157629692	rs2785656	chr1	157409001	157409200	17_EnhW2	220492
chr1	157630311	157630312	rs2778006	chr1	157409001	157409200	17_EnhW2	221112
chr1	157631310	157631311	rs2785657	chr1	157409001	157409200	17_EnhW2	222111
chr1	157631480	157631481	rs2785658	chr1	157409001	157409200	17_EnhW2	222281
chr1	157632500	157632501	rs2485066	chr1	157409001	157409200	17_EnhW2	223301
chr1	157634136	157634137	rs2482481	chr1	157409001	157409200	17_EnhW2	224937
chr1	157634289	157634290	rs2482480	chr1	157409001	157409200	17_EnhW2	225090
chr1	157635233	157635234	rs2785661	chr1	157409001	157409200	17_EnhW2	226034
chr1	157636073	157636074	rs11264790	chr1	157409001	157409200	17_EnhW2	226874
chr1	157636293	157636294	rs11488680	chr1	157409001	157409200	17_EnhW2	227094
chr1	157636649	157636650	rs12129106	chr1	157409001	157409200	17_EnhW2	227450
chr1	157637270	157637271	rs6696226	chr1	157864401	157864600	17_EnhW2	227131
chr1	157637500	157637501	rs6684129	chr1	157864401	157864600	17_EnhW2	226901
chr1	157637537	157637538	rs6696528	chr1	157864401	157864600	17_EnhW2	226864
chr1	157638274	157638275	rs10908581	chr1	157864401	157864600	17_EnhW2	226127
chr1	157638557	157638558	rs10908582	chr1	157864401	157864600	17_EnhW2	225844
chr1	157640162	157640163	rs6427392	chr1	157864401	157864600	17_EnhW2	224239
chr1	157641265	157641266	rs6679422	chr1	157864401	157864600	17_EnhW2	223136
chr1	157641682	157641683	rs10908583	chr1	157864401	157864600	17_EnhW2	222719
chr1	157641757	157641758	rs10908584	chr1	157864401	157864600	17_EnhW2	222644
chr1	157642081	157642082	rs10796981	chr1	157864401	157864600	17_EnhW2	222320
chr1	157642480	157642481	rs10908585	chr1	157864401	157864600	17_EnhW2	221921
chr1	157643195	157643196	rs10796982	chr1	157864401	157864600	17_EnhW2	221206
chr1	157643456	157643457	rs10908586	chr1	157864401	157864600	17_EnhW2	220945
chr1	157643578	157643579	rs10908587	chr1	157864401	157864600	17_EnhW2	220823
chr1	157645275	157645276	rs7514925	chr1	157864401	157864600	17_EnhW2	219126
chr1	157645695	157645696	rs6695840	chr1	157864401	157864600	17_EnhW2	218706
chr1	157647788	157647789	rs11264794	chr1	157864401	157864600	17_EnhW2	216613
chr1	157656063	157656064	rs34123636	chr1	157864401	157864600	17_EnhW2	208338
chr1	157661847	157661848	rs11264798	chr1	157864401	157864600	17_EnhW2	202554
chr1	157666643	157666644	rs6681271	chr1	157864401	157864600	17_EnhW2	197758
chr1	157668389	157668390	rs7522061	chr1	157864401	157864600	17_EnhW2	196012
chr1	157668700	157668701	rs2210912	chr1	157864401	157864600	17_EnhW2	195701
chr1	157668992	157668993	rs2210913	chr1	157864401	157864600	17_EnhW2	195409
chr1	157669277	157669278	rs3761959	chr1	157864401	157864600	17_EnhW2	195124
chr1	157670289	157670290	rs945635	chr1	157864401	157864600	17_EnhW2	194112
chr1	157670815	157670816	rs7528684	chr1	157864401	157864600	17_EnhW2	193586
chr1	157674996	157674997	rs2317230	chr1	157864401	157864600	17_EnhW2	189405
chr1	157682320	157682321	rs11304466	chr1	157864401	157864600	17_EnhW2	182081
chr1	157686336	157686337	rs2317231	chr1	157864401	157864600	17_EnhW2	178065
chr1	157690414	157690415	rs6427394	chr1	157864401	157864600	17_EnhW2	173987
chr1	157692043	157692044	rs2873405	chr1	157864401	157864600	17_EnhW2	172358
chr1	157692984	157692985	rs2210918	chr1	157864401	157864600	17_EnhW2	171417
chr1	157693713	157693714	rs1970265	chr1	157864401	157864600	17_EnhW2	170688
chr1	157693721	157693722	rs1977710	chr1	157864401	157864600	17_EnhW2	170680
chr1	157694611	157694612	rs11264804	chr1	157864401	157864600	17_EnhW2	169790
chr1	157701248	157701249	rs1537949	chr1	157864401	157864600	17_EnhW2	163153
chr1	157703237	157703238	rs10430455	chr1	157864401	157864600	17_EnhW2	161164
chr1	157705724	157705725	rs6427397	chr1	157864401	157864600	17_EnhW2	158677
chr1	157708279	157708280	rs7534518	chr1	157864401	157864600	17_EnhW2	156122
chr1	157725263	157725264	rs7529060	chr1	157864401	157864600	17_EnhW2	139138
chr1	157733814	157733815	rs11264817	chr1	157864401	157864600	17_EnhW2	130587
chr1	157734906	157734907	rs6675393	chr1	157864401	157864600	17_EnhW2	129495
chr1	157737503	157737504	rs2873413	chr1	157864401	157864600	17_EnhW2	126898
chr1	157740187	157740188	rs10540465	chr1	157864401	157864600	17_EnhW2	124214
chr1	157740188	157740189	rs57139984	chr1	157864401	157864600	17_EnhW2	124213
chr1	157741236	157741237	rs7546211	chr1	157864401	157864600	17_EnhW2	123165
chr1	157748563	157748564	rs6427401	chr1	157864401	157864600	17_EnhW2	115838
chr1	157749543	157749544	rs6427402	chr1	157864401	157864600	17_EnhW2	114858
chr1	157754039	157754040	rs7552368	chr1	157864401	157864600	17_EnhW2	110362
chr1	157761418	157761419	rs7546623	chr1	157864401	157864600	17_EnhW2	102983
chr1	157770240	157770241	rs2050568	chr1	157864401	157864600	17_EnhW2	94161
chr1	200715763	200715764	rs35083171	chr1	200707001	200707200	16_EnhW1	8564
chr1	200718573	200718574	rs10682884	chr1	200707001	200707200	16_EnhW1	11374
chr1	200726578	200726579	rs6427855	chr1	200744601	200745000	15_EnhAF	18023
chr1	200741712	200741713	rs12043133	chr1	200744601	200745000	15_EnhAF	2889
chr1	200748759	200748760	rs6658395	chr1	200745001	200745200	14_EnhA2	3560
chr1	200758928	200758929	rs35313039	chr1	200745001	200745200	14_EnhA2	13729
chr1	200761256	200761257	rs34937962	chr1	200745001	200745200	14_EnhA2	16057
chr1	200767335	200767336	rs201024125	chr1	200745001	200745200	14_EnhA2	22136
chr1	200768006	200768007	rs146130316	chr1	200745001	200745200	14_EnhA2	22807
chr1	200780152	200780153	rs6427859	chr1	200806801	200807000	17_EnhW2	26649
chr1	200781432	200781433	rs5780042	chr1	200806801	200807000	17_EnhW2	25369
chr1	200785892	200785893	rs199509200	chr1	200806801	200807000	17_EnhW2	20909
chr1	200788076	200788077	rs7528217	chr1	200806801	200807000	17_EnhW2	18725
chr1	200796817	200796818	rs58945258	chr1	200806801	200807000	17_EnhW2	9984
chr1	200798899	200798900	rs6690988	chr1	200806801	200807000	17_EnhW2	7902
chr1	200803656	200803657	rs6659127	chr1	200806801	200807000	17_EnhW2	3145
chr1	200814958	200814959	rs6691977	chr1	200807401	200808200	13_EnhA1	6759
chr1	200820609	200820610	rs10920052	chr1	200807401	200808200	13_EnhA1	12410
chr1	200828266	200828267	rs7520696	chr1	200835801	200836400	17_EnhW2	7535
chr1	200832583	200832584	rs7533782	chr1	200835801	200836400	17_EnhW2	3218
chr1	200832856	200832857	rs7511678	chr1	200835801	200836400	17_EnhW2	2945
chr1	206939903	206939904	rs3024505	chr1	206939801	206940200	14_EnhA2	0
chr1	206942412	206942413	rs3024495	chr1	206943801	206944800	17_EnhW2	1389
chr1	206943967	206943968	rs3024493	chr1	206943801	206944800	17_EnhW2	0
chr1	206954565	206954566	rs12123181	chr1	206943801	206944800	17_EnhW2	9766
chr1	206955040	206955041	rs3122605	chr1	206964801	206965000	14_EnhA2	9761
chr1	206956115	206956116	rs61815643	chr1	206964801	206965000	14_EnhA2	8686
chr1	206968954	206968955	rs11583398	chr1	206965801	206966200	17_EnhW2	2755
chr1	238748327	238748328	rs35345271	chr1	238752801	238753000	15_EnhAF	4474
chr1	238751634	238751635	rs683070	chr1	238752801	238753000	15_EnhAF	1167
chr1	238751936	238751937	rs499370	chr1	238752801	238753000	15_EnhAF	865
chr1	238752924	238752925	rs607591	chr1	238752801	238753000	15_EnhAF	0
chr1	238752991	238752992	rs529673	chr1	238752801	238753000	15_EnhAF	0
chr1	238753625	238753626	rs34839984	chr1	238754001	238754200	16_EnhW1	376
chr1	238753915	238753916	rs559047	chr1	238754001	238754200	16_EnhW1	86
chr1	238754299	238754300	rs562711	chr1	238754001	238754200	16_EnhW1	100
chr1	238755525	238755526	rs649970	chr1	238754001	238754200	16_EnhW1	1326
chr1	238755795	238755796	rs651372	chr1	238754001	238754200	16_EnhW1	1596
chr1	238756172	238756173	rs663328	chr1	238754001	238754200	16_EnhW1	1973
chr1	238756243	238756244	rs10575475	chr1	238754001	238754200	16_EnhW1	2044
chr1	238756263	238756264	rs546490	chr1	238754001	238754200	16_EnhW1	2064
chr1	238756780	238756781	rs666017	chr1	238754001	238754200	16_EnhW1	2581
chr1	238756841	238756842	rs666417	chr1	238754001	238754200	16_EnhW1	2642
chr1	238756890	238756891	rs666489	chr1	238754001	238754200	16_EnhW1	2691
chr1	238756903	238756904	rs573290	chr1	238754001	238754200	16_EnhW1	2704
chr1	238756935	238756936	rs574043	chr1	238754001	238754200	16_EnhW1	2736
chr1	238757141	238757142	rs575883	chr1	238754001	238754200	16_EnhW1	2942
chr1	238757182	238757183	rs576000	chr1	238754001	238754200	16_EnhW1	2983
chr1	238757540	238757541	rs679939	chr1	238754001	238754200	16_EnhW1	3341
chr1	238757598	238757599	rs680023	chr1	238754001	238754200	16_EnhW1	3399
chr1	238757735	238757736	rs680818	chr1	238754001	238754200	16_EnhW1	3536
chr1	238758041	238758042	rs61373893	chr1	238754001	238754200	16_EnhW1	3842
chr1	238758324	238758325	rs585622	chr1	238754001	238754200	16_EnhW1	4125
chr1	238758468	238758469	rs498677	chr1	238754001	238754200	16_EnhW1	4269
chr1	238758530	238758531	rs586565	chr1	238754001	238754200	16_EnhW1	4331
chr1	238758973	238758974	rs588748	chr1	238754001	238754200	16_EnhW1	4774
chr1	238759116	238759117	rs599625	chr1	238754001	238754200	16_EnhW1	4917
chr1	238759204	238759205	rs526130	chr1	238754001	238754200	16_EnhW1	5005
chr1	238759302	238759303	rs600497	chr1	238754001	238754200	16_EnhW1	5103
chr1	238759369	238759370	rs527947	chr1	238754001	238754200	16_EnhW1	5170
chr1	238760166	238760167	rs556315	chr1	238765001	238765200	16_EnhW1	4835
chr1	238760534	238760535	rs150592304	chr1	238765001	238765200	16_EnhW1	4467
chr1	238760754	238760755	rs617394	chr1	238765001	238765200	16_EnhW1	4247
chr1	238763097	238763098	rs535914	chr1	238765001	238765200	16_EnhW1	1904
chr1	238765271	238765272	rs597856	chr1	238765001	238765200	16_EnhW1	72
chr1	238765959	238765960	rs2793130	chr1	238765001	238765200	16_EnhW1	760
chr1	238766806	238766807	rs614831	chr1	238765001	238765200	16_EnhW1	1607
chr1	238769285	238769286	rs542565	chr1	238765001	238765200	16_EnhW1	4086
chr1	238769713	238769714	rs517690	chr1	238765001	238765200	16_EnhW1	4514
chr1	238771013	238771014	rs484638	chr1	238765001	238765200	16_EnhW1	5814
chr1	238771057	238771058	rs483883	chr1	238765001	238765200	16_EnhW1	5858
chr1	238772310	238772311	rs562061	chr1	238765001	238765200	16_EnhW1	7111
chr1	238773065	238773066	rs533866	chr1	238765001	238765200	16_EnhW1	7866
chr1	238774831	238774832	rs590734	chr1	238765001	238765200	16_EnhW1	9632
chr1	238775141	238775142	rs71685020	chr1	238765001	238765200	16_EnhW1	9942
chr1	238775824	238775825	rs522165	chr1	238765001	238765200	16_EnhW1	10625
chr1	238776335	238776336	rs516880	chr1	238765001	238765200	16_EnhW1	11136
chr1	238777002	238777003	rs75951930	chr1	238765001	238765200	16_EnhW1	11803
chr1	238778011	238778012	rs570292	chr1	238765001	238765200	16_EnhW1	12812
chr1	238779473	238779474	rs514426	chr1	238765001	238765200	16_EnhW1	14274
chr1	238779546	238779547	rs663236	chr1	238765001	238765200	16_EnhW1	14347
chr1	238779889	238779890	rs510798	chr1	238765001	238765200	16_EnhW1	14690
chr1	238780076	238780077	rs2174074	chr1	238765001	238765200	16_EnhW1	14877
chr1	238780805	238780806	rs2134458	chr1	238765001	238765200	16_EnhW1	15606
chr10	6061478	6061479	rs28360490	chr10	6065801	6066200	17_EnhW2	4323
chr10	6061498	6061499	rs28360489	chr10	6065801	6066200	17_EnhW2	4303
chr10	6069560	6069561	rs12722563	chr10	6065801	6066200	17_EnhW2	3361
chr10	6070275	6070276	rs12722558	chr10	6065801	6066200	17_EnhW2	4076
chr10	6071346	6071347	rs12722552	chr10	6075601	6075800	16_EnhW1	4255
chr10	6078552	6078553	rs12722522	chr10	6076601	6077000	17_EnhW2	1553
chr10	6088742	6088743	rs12722508	chr10	6076601	6077000	17_EnhW2	11743
chr10	6089840	6089841	rs7909519	chr10	6076601	6077000	17_EnhW2	12841
chr10	6094696	6094697	rs61839660	chr10	6111601	6112000	18_EnhAc	16905
chr10	6096666	6096667	rs12722496	chr10	6111601	6112000	18_EnhAc	14935
chr10	6097282	6097283	rs12722495	chr10	6111601	6112000	18_EnhAc	14319
chr10	6098948	6098949	rs706778	chr10	6111601	6112000	18_EnhAc	12653
chr10	6101712	6101713	rs3118470	chr10	6111601	6112000	18_EnhAc	9889
chr10	6102724	6102725	rs3134882	chr10	6111601	6112000	18_EnhAc	8877
chr10	6105140	6105141	rs12722485	chr10	6111601	6112000	18_EnhAc	6461
chr10	6105835	6105836	rs11256557	chr10	6111601	6112000	18_EnhAc	5766
chr10	6106265	6106266	rs7072793	chr10	6111601	6112000	18_EnhAc	5336
chr10	6106551	6106552	rs7073236	chr10	6111601	6112000	18_EnhAc	5050
chr10	6106637	6106638	rs7096384	chr10	6111601	6112000	18_EnhAc	4964
chr10	6107006	6107007	rs7907829	chr10	6111601	6112000	18_EnhAc	4595
chr10	6108339	6108340	rs10795791	chr10	6111601	6112000	18_EnhAc	3262
chr10	6108438	6108439	rs4147359	chr10	6111601	6112000	18_EnhAc	3163
chr10	6109356	6109357	rs79092647	chr10	6111601	6112000	18_EnhAc	2245
chr10	6109675	6109676	rs41295049	chr10	6111601	6112000	18_EnhAc	1926
chr10	6111992	6111993	rs61839672	chr10	6111601	6112000	18_EnhAc	0
chr10	6112604	6112605	rs10905713	chr10	6112601	6112800	17_EnhW2	0
chr10	6113522	6113523	rs12412095	chr10	6113201	6113600	17_EnhW2	0
chr10	6114659	6114660	rs41295061	chr10	6113201	6113600	17_EnhW2	1060
chr10	6114855	6114856	rs10905718	chr10	6113201	6113600	17_EnhW2	1256
chr10	6115170	6115171	rs10905719	chr10	6113201	6113600	17_EnhW2	1571
chr10	6115203	6115204	rs41295063	chr10	6113201	6113600	17_EnhW2	1604
chr10	6115638	6115639	rs62626322	chr10	6117001	6117400	16_EnhW1	1363
chr10	6116974	6116975	rs41295065	chr10	6117001	6117400	16_EnhW1	27
chr10	6118110	6118111	rs41295071	chr10	6117001	6117400	16_EnhW1	711
chr10	6119233	6119234	rs41295081	chr10	6117001	6117400	16_EnhW1	1834
chr10	6121725	6121726	rs79116804	chr10	6125001	6126200	16_EnhW1	3276
chr10	6122381	6122382	rs11256611	chr10	6125001	6126200	16_EnhW1	2620
chr10	6123112	6123113	rs12254050	chr10	6125001	6126200	16_EnhW1	1889
chr10	6123328	6123329	rs41295113	chr10	6125001	6126200	16_EnhW1	1673
chr10	6123494	6123495	rs12251307	chr10	6125001	6126200	16_EnhW1	1507
chr10	6123715	6123716	rs61839680	chr10	6125001	6126200	16_EnhW1	1286
chr10	6124261	6124262	rs76996808	chr10	6125001	6126200	16_EnhW1	740
chr10	6178613	6178614	rs1983890	chr10	6178201	6178600	14_EnhA2	14
chr10	6178940	6178941	rs11598494	chr10	6178801	6179200	16_EnhW1	0
chr10	6181366	6181367	rs1972409	chr10	6182601	6182800	17_EnhW2	1235
chr10	6181708	6181709	rs3763700	chr10	6182601	6182800	17_EnhW2	893
chr10	6390191	6390192	rs2387397	chr10	6389401	6390400	13_EnhA1	0
chr10	6390449	6390450	rs947474	chr10	6390401	6390600	14_EnhA2	0
chr10	6391490	6391491	rs2181623	chr10	6390401	6390600	14_EnhA2	891
chr10	6392006	6392007	rs7090696	chr10	6390401	6390600	14_EnhA2	1407
chr10	6393259	6393260	rs4750316	chr10	6390401	6390600	14_EnhA2	2660
chr10	6393721	6393722	rs59072983	chr10	6390401	6390600	14_EnhA2	3122
chr10	6396622	6396623	rs10796035	chr10	6390401	6390600	14_EnhA2	6023
chr10	6397963	6397964	rs10796038	chr10	6390401	6390600	14_EnhA2	7364
chr10	6398943	6398944	rs10796040	chr10	6390401	6390600	14_EnhA2	8344
chr10	6399356	6399357	rs11258264	chr10	6390401	6390600	14_EnhA2	8757
chr10	6399510	6399511	rs11499261	chr10	6390401	6390600	14_EnhA2	8911
chr10	6401578	6401579	rs4589176	chr10	6390401	6390600	14_EnhA2	10979
chr10	6401624	6401625	rs4558075	chr10	6390401	6390600	14_EnhA2	11025
chr10	6402678	6402679	rs10752291	chr10	6390401	6390600	14_EnhA2	12079
chr10	6402740	6402741	rs10796045	chr10	6390401	6390600	14_EnhA2	12141
chr10	6403049	6403050	rs2146900	chr10	6390401	6390600	14_EnhA2	12450
chr10	6404699	6404700	rs1570527	chr10	6390401	6390600	14_EnhA2	14100
chr10	6406670	6406671	rs71391823	chr10	6390401	6390600	14_EnhA2	16071
chr10	8095339	8095340	rs2275806	chr10	8117401	8117800	16_EnhW1	22062
chr10	8097367	8097368	rs10905277	chr10	8117401	8117800	16_EnhW1	20034
chr10	8101426	8101427	rs3781094	chr10	8117401	8117800	16_EnhW1	15975
chr10	8102271	8102272	rs3802604	chr10	8117401	8117800	16_EnhW1	15130
chr10	8103058	8103059	rs477771	chr10	8117401	8117800	16_EnhW1	14343
chr10	8103259	8103260	rs444762	chr10	8117401	8117800	16_EnhW1	14142
chr10	8103297	8103298	rs376397	chr10	8117401	8117800	16_EnhW1	14104
chr10	8103550	8103551	rs409560	chr10	8117401	8117800	16_EnhW1	13851
chr10	8103979	8103980	rs374641	chr10	8117401	8117800	16_EnhW1	13422
chr10	8103985	8103986	rs386680	chr10	8117401	8117800	16_EnhW1	13416
chr10	8104015	8104016	rs371668	chr10	8117401	8117800	16_EnhW1	13386
chr10	8104339	8104340	rs3824661	chr10	8117401	8117800	16_EnhW1	13062
chr10	8104721	8104722	rs3824660	chr10	8117401	8117800	16_EnhW1	12680
chr10	8105744	8105745	rs2277228	chr10	8117401	8117800	16_EnhW1	11657
chr10	8106458	8106459	rs570730	chr10	8117401	8117800	16_EnhW1	10943
chr10	8106501	8106502	rs570613	chr10	8117401	8117800	16_EnhW1	10900
chr10	8106700	8106701	rs568727	chr10	8117401	8117800	16_EnhW1	10701
chr10	8106746	8106747	rs10752126	chr10	8117401	8117800	16_EnhW1	10655
chr10	8107571	8107572	rs10905279	chr10	8117401	8117800	16_EnhW1	9830
chr10	8108047	8108048	rs11393359	chr10	8117401	8117800	16_EnhW1	9354
chr10	8108289	8108290	rs7897792	chr10	8117401	8117800	16_EnhW1	9112
chr10	8108381	8108382	rs537544	chr10	8117401	8117800	16_EnhW1	9020
chr10	37555905	37555906	rs5784547	chr10	37777201	37777400	17_EnhW2	221296
chr10	37571233	37571234	rs11011088	chr10	37777201	37777400	17_EnhW2	205968
chr10	37582938	37582939	rs7905906	chr10	37777201	37777400	17_EnhW2	194263
chr10	37583899	37583900	rs1926131	chr10	37777201	37777400	17_EnhW2	193302
chr10	37592537	37592538	rs7100025	chr10	37777201	37777400	17_EnhW2	184664
chr10	37599304	37599305	rs35506010	chr10	37777201	37777400	17_EnhW2	177897
chr10	64431980	64431981	rs34487046	chr10	64412201	64412600	15_EnhAF	19381
chr10	64434281	64434282	rs138012443	chr10	64412201	64412600	15_EnhAF	21682
chr10	64437472	64437473	rs200753700	chr10	64412201	64412600	15_EnhAF	24873
chr10	64438485	64438486	rs10995271	chr10	64412201	64412600	15_EnhAF	25886
chr10	64438770	64438771	rs10822050	chr10	64412201	64412600	15_EnhAF	26171
chr10	64441203	64441204	rs12766391	chr10	64412201	64412600	15_EnhAF	28604
chr10	64441258	64441259	rs377259998	chr10	64412201	64412600	15_EnhAF	28659
chr10	81032531	81032532	rs1250546	chr10	81058401	81058800	13_EnhA1	25870
chr10	81032884	81032885	rs1250544	chr10	81058401	81058800	13_EnhA1	25517
chr10	81034389	81034390	rs76370547	chr10	81058401	81058800	13_EnhA1	24012
chr10	81034669	81034670	rs1250542	chr10	81058401	81058800	13_EnhA1	23732
chr10	81036006	81036007	rs1250540	chr10	81058401	81058800	13_EnhA1	22395
chr10	81037799	81037800	rs1250538	chr10	81058401	81058800	13_EnhA1	20602
chr10	81038068	81038069	rs1250537	chr10	81058401	81058800	13_EnhA1	20333
chr10	81038882	81038883	rs2802365	chr10	81058401	81058800	13_EnhA1	19519
chr10	81039123	81039124	rs9665287	chr10	81058401	81058800	13_EnhA1	19278
chr10	81040030	81040031	rs1782646	chr10	81058401	81058800	13_EnhA1	18371
chr10	81040208	81040209	rs1749855	chr10	81058401	81058800	13_EnhA1	18193
chr10	81040336	81040337	rs5786390	chr10	81058401	81058800	13_EnhA1	18065
chr10	81040337	81040338	rs4993728	chr10	81058401	81058800	13_EnhA1	18064
chr10	81041792	81041793	rs11002908	chr10	81058401	81058800	13_EnhA1	16609
chr10	81042474	81042475	rs1250573	chr10	81058401	81058800	13_EnhA1	15927
chr10	81043706	81043707	rs1892497	chr10	81058401	81058800	13_EnhA1	14695
chr10	81043742	81043743	rs1108618	chr10	81058401	81058800	13_EnhA1	14659
chr10	81045206	81045207	rs1250569	chr10	81058401	81058800	13_EnhA1	13195
chr10	81045279	81045280	rs1250568	chr10	81058401	81058800	13_EnhA1	13122
chr10	81046452	81046453	rs1250566	chr10	81058401	81058800	13_EnhA1	11949
chr10	81047014	81047015	rs1250565	chr10	81058401	81058800	13_EnhA1	11387
chr10	81047341	81047342	rs1250564	chr10	81058401	81058800	13_EnhA1	11060
chr10	81047382	81047383	rs1250563	chr10	81058401	81058800	13_EnhA1	11019
chr10	81047574	81047575	rs2802372	chr10	81058401	81058800	13_EnhA1	10827
chr10	81059334	81059335	rs1250551	chr10	81058401	81058800	13_EnhA1	535
chr10	90012437	90012438	rs60074889	chr10	90013401	90014000	17_EnhW2	964
chr10	90013188	90013189	rs670472	chr10	90013401	90014000	17_EnhW2	213
chr10	90013194	90013195	rs558443	chr10	90013401	90014000	17_EnhW2	207
chr10	90014679	90014680	rs11816865	chr10	90014401	90014600	17_EnhW2	80
chr10	90015400	90015401	rs955033	chr10	90014401	90014600	17_EnhW2	801
chr10	90016795	90016796	rs737391	chr10	90014401	90014600	17_EnhW2	2196
chr10	90019534	90019535	rs606424	chr10	90014401	90014600	17_EnhW2	4935
chr10	90022398	90022399	rs9665166	chr10	90025401	90025600	15_EnhAF	3003
chr10	90023032	90023033	rs10509540	chr10	90025401	90025600	15_EnhAF	2369
chr10	90024598	90024599	rs166976	chr10	90025401	90025600	15_EnhAF	803
chr10	90027111	90027112	rs1426614	chr10	90027001	90027200	17_EnhW2	0
chr10	90030118	90030119	rs286487	chr10	90030001	90030200	17_EnhW2	0
chr10	90031902	90031903	rs17110523	chr10	90030801	90032000	13_EnhA1	0
chr10	90033617	90033618	rs111709781	chr10	90032401	90032600	17_EnhW2	1018
chr10	90034038	90034039	rs7922058	chr10	90032401	90032600	17_EnhW2	1439
chr10	90034898	90034899	rs45585838	chr10	90032401	90032600	17_EnhW2	2299
chr10	90034983	90034984	rs112956101	chr10	90032401	90032600	17_EnhW2	2384
chr10	90035340	90035341	rs12415812	chr10	90032401	90032600	17_EnhW2	2741
chr10	90035653	90035654	rs12416116	chr10	90032401	90032600	17_EnhW2	3054
chr10	90036366	90036367	rs999951	chr10	90032401	90032600	17_EnhW2	3767
chr10	90036911	90036912	rs7094781	chr10	90041001	90041200	17_EnhW2	4090
chr10	90039355	90039356	rs58860844	chr10	90041001	90041200	17_EnhW2	1646
chr10	90039357	90039358	rs57918270	chr10	90041001	90041200	17_EnhW2	1644
chr10	90041833	90041834	rs4934390	chr10	90041401	90041600	13_EnhA1	234
chr10	90042153	90042154	rs3781196	chr10	90041401	90041600	13_EnhA1	554
chr10	90042773	90042774	rs3781197	chr10	90042801	90043000	16_EnhW1	28
chr10	90042905	90042906	rs1946391	chr10	90042801	90043000	16_EnhW1	0
chr10	90043823	90043824	rs7069968	chr10	90042801	90043000	16_EnhW1	824
chr10	90044788	90044789	rs1048956	chr10	90042801	90043000	16_EnhW1	1789
chr10	90046111	90046112	rs1426615	chr10	90048801	90049600	17_EnhW2	2690
chr10	90047349	90047350	rs2018705	chr10	90048801	90049600	17_EnhW2	1452
chr10	90048148	90048149	rs4934391	chr10	90048801	90049600	17_EnhW2	653
chr10	90049800	90049801	rs1426616	chr10	90048801	90049600	17_EnhW2	201
chr10	90049967	90049968	rs7097903	chr10	90048801	90049600	17_EnhW2	368
chr10	90051034	90051035	rs7068821	chr10	90048801	90049600	17_EnhW2	1435
chr10	90051309	90051310	rs10887796	chr10	90048801	90049600	17_EnhW2	1710
chr10	90051316	90051317	rs60888743	chr10	90048801	90049600	17_EnhW2	1717
chr10	90051696	90051697	rs1035796	chr10	90048801	90049600	17_EnhW2	2097
chr10	90051856	90051857	rs1035797	chr10	90048801	90049600	17_EnhW2	2257
chr10	101273545	101273546	rs61872688	chr10	101382201	101382400	13_EnhA1	108656
chr10	101273856	101273857	rs10883358	chr10	101382201	101382400	13_EnhA1	108345
chr10	101274057	101274058	rs7095491	chr10	101382201	101382400	13_EnhA1	108144
chr10	101274253	101274254	rs11361434	chr10	101382201	101382400	13_EnhA1	107948
chr10	101274364	101274365	rs7078219	chr10	101382201	101382400	13_EnhA1	107837
chr10	101274464	101274465	rs7081330	chr10	101382201	101382400	13_EnhA1	107737
chr10	101274564	101274565	rs7081858	chr10	101382201	101382400	13_EnhA1	107637
chr10	101275205	101275206	rs11190130	chr10	101382201	101382400	13_EnhA1	106996
chr10	101275805	101275806	rs11190131	chr10	101382201	101382400	13_EnhA1	106396
chr10	101277238	101277239	rs7092009	chr10	101382201	101382400	13_EnhA1	104963
chr10	101277642	101277643	rs11364607	chr10	101382201	101382400	13_EnhA1	104559
chr10	101277815	101277816	rs7096296	chr10	101382201	101382400	13_EnhA1	104386
chr10	101278054	101278055	rs6584277	chr10	101382201	101382400	13_EnhA1	104147
chr10	101278098	101278099	rs6584278	chr10	101382201	101382400	13_EnhA1	104103
chr10	101278323	101278324	rs10786556	chr10	101382201	101382400	13_EnhA1	103878
chr10	101281013	101281014	rs7077040	chr10	101382201	101382400	13_EnhA1	101188
chr10	101281157	101281158	rs10883360	chr10	101382201	101382400	13_EnhA1	101044
chr10	101282199	101282200	rs11190134	chr10	101382201	101382400	13_EnhA1	100002
chr10	101282552	101282553	rs4919342	chr10	101382201	101382400	13_EnhA1	99649
chr10	101282604	101282605	rs11403745	chr10	101382201	101382400	13_EnhA1	99597
chr10	101283327	101283328	rs10786557	chr10	101382201	101382400	13_EnhA1	98874
chr10	101284236	101284237	rs4409764	chr10	101382201	101382400	13_EnhA1	97965
chr10	101284344	101284345	rs4129134	chr10	101382201	101382400	13_EnhA1	97857
chr10	101284569	101284570	rs4129133	chr10	101382201	101382400	13_EnhA1	97632
chr10	101284636	101284637	rs4129132	chr10	101382201	101382400	13_EnhA1	97565
chr10	101285649	101285650	rs7916751	chr10	101382201	101382400	13_EnhA1	96552
chr10	101285871	101285872	rs10748783	chr10	101382201	101382400	13_EnhA1	96330
chr10	101286206	101286207	rs7917446	chr10	101382201	101382400	13_EnhA1	95995
chr10	101286479	101286480	rs6584281	chr10	101382201	101382400	13_EnhA1	95722
chr10	101286494	101286495	rs6584282	chr10	101382201	101382400	13_EnhA1	95707
chr10	101286847	101286848	rs11190135	chr10	101382201	101382400	13_EnhA1	95354
chr10	101286983	101286984	rs10883362	chr10	101382201	101382400	13_EnhA1	95218
chr10	101287763	101287764	rs10883365	chr10	101382201	101382400	13_EnhA1	94438
chr10	101287784	101287785	rs10883366	chr10	101382201	101382400	13_EnhA1	94417
chr10	101287989	101287990	rs10883367	chr10	101382201	101382400	13_EnhA1	94212
chr10	101288346	101288347	rs7085798	chr10	101382201	101382400	13_EnhA1	93855
chr10	101289652	101289653	rs1548964	chr10	101382201	101382400	13_EnhA1	92549
chr10	101289702	101289703	rs1548963	chr10	101382201	101382400	13_EnhA1	92499
chr10	101289734	101289735	rs1548962	chr10	101382201	101382400	13_EnhA1	92467
chr10	101290300	101290301	rs6584283	chr10	101382201	101382400	13_EnhA1	91901
chr10	101291471	101291472	rs10883370	chr10	101382201	101382400	13_EnhA1	90730
chr10	101291592	101291593	rs11190140	chr10	101382201	101382400	13_EnhA1	90609
chr10	101292389	101292390	rs11190141	chr10	101382201	101382400	13_EnhA1	89812
chr10	101292454	101292455	rs10883371	chr10	101382201	101382400	13_EnhA1	89747
chr10	101292482	101292483	rs10883372	chr10	101382201	101382400	13_EnhA1	89719
chr10	101292483	101292484	rs10883373	chr10	101382201	101382400	13_EnhA1	89718
chr10	101293034	101293035	rs41290504	chr10	101382201	101382400	13_EnhA1	89167
chr10	101293317	101293318	rs7908704	chr10	101382201	101382400	13_EnhA1	88884
chr10	101293340	101293341	rs7893840	chr10	101382201	101382400	13_EnhA1	88861
chr10	101293467	101293468	rs7911680	chr10	101382201	101382400	13_EnhA1	88734
chr10	101298450	101298451	rs1332099	chr10	101382201	101382400	13_EnhA1	83751
chr10	101299867	101299868	rs112932175	chr10	101382201	101382400	13_EnhA1	82334
chr10	101301345	101301346	rs1332100	chr10	101382201	101382400	13_EnhA1	80856
chr10	101305360	101305361	rs5787352	chr10	101382201	101382400	13_EnhA1	76841
chr10	101308655	101308656	rs1468889	chr10	101382201	101382400	13_EnhA1	73546
chr10	101316141	101316142	rs10883376	chr10	101382201	101382400	13_EnhA1	66060
chr10	101317076	101317077	rs9332448	chr10	101382201	101382400	13_EnhA1	65125
chr11	2165172	2165173	rs11603378	chr11	2173001	2173400	16_EnhW1	7829
chr11	2167302	2167303	rs17885652	chr11	2173001	2173400	16_EnhW1	5699
chr11	2167849	2167850	rs17885785	chr11	2173001	2173400	16_EnhW1	5152
chr11	2168446	2168447	rs151225866	chr11	2173001	2173400	16_EnhW1	4555
chr11	2169109	2169110	rs3741211	chr11	2173001	2173400	16_EnhW1	3892
chr11	2169907	2169908	rs3741204	chr11	2173001	2173400	16_EnhW1	3094
chr11	2170142	2170143	rs1004446	chr11	2173001	2173400	16_EnhW1	2859
chr11	2176104	2176105	rs7110099	chr11	2173001	2173400	16_EnhW1	2705
chr11	2177368	2177369	rs11564725	chr11	2173001	2173400	16_EnhW1	3969
chr11	2180771	2180772	rs3842756	chr11	2173001	2173400	16_EnhW1	7372
chr11	2180795	2180796	rs3842755	chr11	2173001	2173400	16_EnhW1	7396
chr11	2180844	2180845	rs3842754	chr11	2173001	2173400	16_EnhW1	7445
chr11	2181059	2181060	rs3842753	chr11	2173001	2173400	16_EnhW1	7660
chr11	2181072	2181073	rs3842752	chr11	2173001	2173400	16_EnhW1	7673
chr11	2181394	2181395	rs3842748	chr11	2173001	2173400	16_EnhW1	7995
chr11	2182223	2182224	rs689	chr11	2173001	2173400	16_EnhW1	8824
chr11	2184335	2184336	rs3842729	chr11	2173001	2173400	16_EnhW1	10936
chr11	2184847	2184848	rs3842727	chr11	2173001	2173400	16_EnhW1	11448
chr11	2193596	2193597	rs10770140	chr11	2196601	2196800	17_EnhW2	3005
chr11	2193839	2193840	rs10770141	chr11	2196601	2196800	17_EnhW2	2762
chr11	2194419	2194420	rs10770142	chr11	2196601	2196800	17_EnhW2	2182
chr11	2194809	2194810	rs7119275	chr11	2196601	2196800	17_EnhW2	1792
chr11	2194913	2194914	rs7115640	chr11	2196601	2196800	17_EnhW2	1688
chr11	2195044	2195045	rs7128097	chr11	2196601	2196800	17_EnhW2	1557
chr11	2195266	2195267	rs10770143	chr11	2196601	2196800	17_EnhW2	1335
chr11	2195537	2195538	rs11042966	chr11	2196601	2196800	17_EnhW2	1064
chr11	2195836	2195837	rs10840495	chr11	2196601	2196800	17_EnhW2	765
chr11	2195843	2195844	rs10840496	chr11	2196601	2196800	17_EnhW2	758
chr11	2195980	2195981	rs10743152	chr11	2196601	2196800	17_EnhW2	621
chr11	2196348	2196349	rs4930044	chr11	2196601	2196800	17_EnhW2	253
chr11	2196423	2196424	rs4930045	chr11	2196601	2196800	17_EnhW2	178
chr11	2197111	2197112	rs7482891	chr11	2197001	2197600	17_EnhW2	0
chr11	2197131	2197132	rs4929964	chr11	2197001	2197600	17_EnhW2	0
chr11	2197285	2197286	rs4929965	chr11	2197001	2197600	17_EnhW2	0
chr11	2197435	2197436	rs4929966	chr11	2197001	2197600	17_EnhW2	0
chr11	2198664	2198665	rs72853903	chr11	2197001	2197600	17_EnhW2	1065
chr11	2199685	2199686	rs146569428	chr11	2200001	2200200	17_EnhW2	316
chr11	2203153	2203154	rs11043003	chr11	2200401	2200600	17_EnhW2	2554
chr11	2204362	2204363	rs113027642	chr11	2200401	2200600	17_EnhW2	3763
chr11	2204716	2204717	rs7129483	chr11	2200401	2200600	17_EnhW2	4117
chr11	2204725	2204726	rs7108915	chr11	2200401	2200600	17_EnhW2	4126
chr11	2205244	2205245	rs7951222	chr11	2200401	2200600	17_EnhW2	4645
chr11	2206026	2206027	rs11043016	chr11	2200401	2200600	17_EnhW2	5427
chr11	2206325	2206326	rs11564708	chr11	2200401	2200600	17_EnhW2	5726
chr11	2206386	2206387	rs11564707	chr11	2200401	2200600	17_EnhW2	5787
chr11	2206428	2206429	rs72853920	chr11	2200401	2200600	17_EnhW2	5829
chr11	2206650	2206651	rs72853921	chr11	2200401	2200600	17_EnhW2	6051
chr11	2206828	2206829	rs11564706	chr11	2200401	2200600	17_EnhW2	6229
chr11	2207045	2207046	rs11564705	chr11	2200401	2200600	17_EnhW2	6446
chr11	2207904	2207905	rs67110785	chr11	2200401	2200600	17_EnhW2	7305
chr11	2208667	2208668	rs56377341	chr11	2200401	2200600	17_EnhW2	8068
chr11	2209412	2209413	rs12418303	chr11	2200401	2200600	17_EnhW2	8813
chr11	2209657	2209658	rs12419444	chr11	2200401	2200600	17_EnhW2	9058
chr11	2209966	2209967	rs10840516	chr11	2200401	2200600	17_EnhW2	9367
chr11	2210657	2210658	rs113945618	chr11	2200401	2200600	17_EnhW2	10058
chr11	2211161	2211162	rs67225004	chr11	2200401	2200600	17_EnhW2	10562
chr11	2211676	2211677	rs7396447	chr11	2200401	2200600	17_EnhW2	11077
chr11	2212447	2212448	rs67957462	chr11	2200401	2200600	17_EnhW2	11848
chr11	2212486	2212487	rs68037604	chr11	2200401	2200600	17_EnhW2	11887
chr11	2212583	2212584	rs76361611	chr11	2200401	2200600	17_EnhW2	11984
chr11	2212724	2212725	rs113607956	chr11	2200401	2200600	17_EnhW2	12125
chr11	2212764	2212765	rs7110836	chr11	2200401	2200600	17_EnhW2	12165
chr11	2212842	2212843	rs117520198	chr11	2200401	2200600	17_EnhW2	12243
chr11	2212857	2212858	rs7129293	chr11	2200401	2200600	17_EnhW2	12258
chr11	2213165	2213166	rs7111341	chr11	2200401	2200600	17_EnhW2	12566
chr11	2213257	2213258	rs7121197	chr11	2200401	2200600	17_EnhW2	12658
chr11	2213451	2213452	rs10840523	chr11	2200401	2200600	17_EnhW2	12852
chr11	2213491	2213492	rs11564701	chr11	2200401	2200600	17_EnhW2	12892
chr11	2213578	2213579	rs11564700	chr11	2200401	2200600	17_EnhW2	12979
chr11	2213652	2213653	rs111256769	chr11	2200401	2200600	17_EnhW2	13053
chr11	2213693	2213694	rs11564696	chr11	2200401	2200600	17_EnhW2	13094
chr11	2213905	2213906	rs11564695	chr11	2200401	2200600	17_EnhW2	13306
chr11	2213995	2213996	rs11564693	chr11	2200401	2200600	17_EnhW2	13396
chr11	2214015	2214016	rs60042129	chr11	2200401	2200600	17_EnhW2	13416
chr11	2214038	2214039	rs11564691	chr11	2200401	2200600	17_EnhW2	13439
chr11	2214387	2214388	rs7937915	chr11	2200401	2200600	17_EnhW2	13788
chr11	2214466	2214467	rs7947138	chr11	2200401	2200600	17_EnhW2	13867
chr11	2214639	2214640	rs7125284	chr11	2200401	2200600	17_EnhW2	14040
chr11	2214803	2214804	rs7107385	chr11	2200401	2200600	17_EnhW2	14204
chr11	2214810	2214811	rs7107390	chr11	2200401	2200600	17_EnhW2	14211
chr11	2215088	2215089	rs7107784	chr11	2200401	2200600	17_EnhW2	14489
chr11	2215227	2215228	rs11043047	chr11	2200401	2200600	17_EnhW2	14628
chr11	2215322	2215323	rs11043048	chr11	2200401	2200600	17_EnhW2	14723
chr11	2215329	2215330	rs11043049	chr11	2200401	2200600	17_EnhW2	14730
chr11	2215332	2215333	rs11043050	chr11	2200401	2200600	17_EnhW2	14733
chr11	2215534	2215535	rs55684350	chr11	2200401	2200600	17_EnhW2	14935
chr11	2215554	2215555	rs12360967	chr11	2200401	2200600	17_EnhW2	14955
chr11	2215561	2215562	rs56036092	chr11	2200401	2200600	17_EnhW2	14962
chr11	2215564	2215565	rs12360978	chr11	2200401	2200600	17_EnhW2	14965
chr11	2215583	2215584	rs56376830	chr11	2200401	2200600	17_EnhW2	14984
chr11	2215586	2215587	rs56187494	chr11	2200401	2200600	17_EnhW2	14987
chr11	2215601	2215602	rs12365828	chr11	2200401	2200600	17_EnhW2	15002
chr11	2215603	2215604	rs12364696	chr11	2200401	2200600	17_EnhW2	15004
chr11	2217558	2217559	rs113168976	chr11	2200401	2200600	17_EnhW2	16959
chr11	2219464	2219465	rs7479701	chr11	2200401	2200600	17_EnhW2	18865
chr11	2219961	2219962	rs3922756	chr11	2200401	2200600	17_EnhW2	19362
chr11	2229360	2229361	rs7115232	chr11	2200401	2200600	17_EnhW2	28761
chr11	16937845	16937846	rs183937294	chr11	16914001	16914200	17_EnhW2	23646
chr11	27793469	27793470	rs34452566	chr11	27780201	27780400	17_EnhW2	13070
chr11	27799871	27799872	rs5790666	chr11	27807601	27808000	17_EnhW2	7730
chr12	9871871	9871872	rs1985788	chr12	9852201	9852600	16_EnhW1	19272
chr12	9874897	9874898	rs10772083	chr12	9852201	9852600	16_EnhW1	22298
chr12	9882699	9882700	rs4763839	chr12	9852201	9852600	16_EnhW1	30100
chr12	9884409	9884410	rs4763840	chr12	9852201	9852600	16_EnhW1	31810
chr12	9905850	9905851	rs917911	chr12	9852201	9852600	16_EnhW1	53251
chr12	9910163	9910164	rs4763879	chr12	9966601	9967000	16_EnhW1	56438
chr12	40440788	40440789	rs140117866	chr12	40448001	40448200	17_EnhW2	7213
chr12	40479206	40479207	rs143101378	chr12	40497201	40497400	17_EnhW2	17995
chr12	40499593	40499594	rs139518863	chr12	40500401	40501200	16_EnhW1	808
chr12	40536580	40536581	rs2638223	chr12	40551801	40552000	18_EnhAc	15221
chr12	40536688	40536689	rs2708460	chr12	40551801	40552000	18_EnhAc	15113
chr12	40551878	40551879	rs74869552	chr12	40551801	40552000	18_EnhAc	0
chr12	40552164	40552165	rs17442924	chr12	40552001	40552400	15_EnhAF	0
chr12	40559299	40559300	rs147453112	chr12	40552801	40553200	15_EnhAF	6100
chr12	40559399	40559400	rs139898997	chr12	40552801	40553200	15_EnhAF	6200
chr12	40562265	40562266	rs137941755	chr12	40552801	40553200	15_EnhAF	9066
chr12	40564295	40564296	rs149318169	chr12	40552801	40553200	15_EnhAF	11096
chr12	40565024	40565025	rs374447927	chr12	40552801	40553200	15_EnhAF	11825
chr12	40566138	40566139	rs146640288	chr12	40552801	40553200	15_EnhAF	12939
chr12	40567014	40567015	rs117244963	chr12	40552801	40553200	15_EnhAF	13815
chr12	40568797	40568798	rs17443078	chr12	40552801	40553200	15_EnhAF	15598
chr12	40571797	40571798	rs145873901	chr12	40552801	40553200	15_EnhAF	18598
chr12	40580924	40580925	rs17443154	chr12	40552801	40553200	15_EnhAF	27725
chr12	40581691	40581692	rs187009983	chr12	40610001	40610200	17_EnhW2	28310
chr12	40582576	40582577	rs76317623	chr12	40610001	40610200	17_EnhW2	27425
chr12	40583139	40583140	rs75519193	chr12	40610001	40610200	17_EnhW2	26862
chr12	40586064	40586065	rs17443178	chr12	40610001	40610200	17_EnhW2	23937
chr12	40586106	40586107	rs17443185	chr12	40610001	40610200	17_EnhW2	23895
chr12	40587013	40587014	rs17443206	chr12	40610001	40610200	17_EnhW2	22988
chr12	40591611	40591612	rs11564212	chr12	40610001	40610200	17_EnhW2	18390
chr12	40592339	40592340	rs4767965	chr12	40610001	40610200	17_EnhW2	17662
chr12	40592499	40592500	rs201212381	chr12	40610001	40610200	17_EnhW2	17502
chr12	40593918	40593919	rs17465610	chr12	40610001	40610200	17_EnhW2	16083
chr12	40597278	40597279	rs138053637	chr12	40610001	40610200	17_EnhW2	12723
chr12	40599397	40599398	rs10506147	chr12	40610001	40610200	17_EnhW2	10604
chr12	40601939	40601940	rs11175593	chr12	40610001	40610200	17_EnhW2	8062
chr12	40604938	40604939	rs76664306	chr12	40610001	40610200	17_EnhW2	5063
chr12	40605126	40605127	rs2131079	chr12	40610001	40610200	17_EnhW2	4875
chr12	40605127	40605128	rs2131080	chr12	40610001	40610200	17_EnhW2	4874
chr12	40607708	40607709	rs76906269	chr12	40610001	40610200	17_EnhW2	2293
chr12	40609579	40609580	rs17461575	chr12	40610001	40610200	17_EnhW2	422
chr12	40609749	40609750	rs11564107	chr12	40610001	40610200	17_EnhW2	252
chr12	40611669	40611670	rs117408408	chr12	40610001	40610200	17_EnhW2	1470
chr12	40614061	40614062	rs117528165	chr12	40617601	40617800	16_EnhW1	3540
chr12	40616086	40616087	rs144157802	chr12	40617601	40617800	16_EnhW1	1515
chr12	40618096	40618097	rs1388597	chr12	40617601	40617800	16_EnhW1	297
chr12	40618713	40618714	rs139549144	chr12	40617601	40617800	16_EnhW1	914
chr12	40621155	40621156	rs149406366	chr12	40619801	40620000	16_EnhW1	1156
chr12	40622467	40622468	rs150540643	chr12	40619801	40620000	16_EnhW1	2468
chr12	40623323	40623324	rs75143074	chr12	40619801	40620000	16_EnhW1	3324
chr12	40625608	40625609	rs199832313	chr12	40619801	40620000	16_EnhW1	5609
chr12	40627455	40627456	rs117544909	chr12	40632001	40632600	17_EnhW2	4546
chr12	40629746	40629747	rs117297508	chr12	40632001	40632600	17_EnhW2	2255
chr12	40633604	40633605	rs201655125	chr12	40632001	40632600	17_EnhW2	1005
chr12	40634202	40634203	rs11564187	chr12	40635601	40635800	16_EnhW1	1399
chr12	40634818	40634819	rs11564210	chr12	40635601	40635800	16_EnhW1	783
chr12	40634990	40634991	rs11564153	chr12	40635601	40635800	16_EnhW1	611
chr12	40639961	40639962	rs187455350	chr12	40635801	40636400	17_EnhW2	3562
chr12	40640338	40640339	rs148547517	chr12	40635801	40636400	17_EnhW2	3939
chr12	40644554	40644555	rs117502843	chr12	40647801	40648400	16_EnhW1	3247
chr12	40645736	40645737	rs117203131	chr12	40647801	40648400	16_EnhW1	2065
chr12	40646533	40646534	rs12422796	chr12	40647801	40648400	16_EnhW1	1268
chr12	40647644	40647645	rs1463717	chr12	40647801	40648400	16_EnhW1	157
chr12	40647955	40647956	rs150645252	chr12	40647801	40648400	16_EnhW1	0
chr12	40650104	40650105	rs147831725	chr12	40648401	40648600	17_EnhW2	1505
chr12	40650716	40650717	rs11564185	chr12	40648401	40648600	17_EnhW2	2117
chr12	40650874	40650875	rs11564209	chr12	40648401	40648600	17_EnhW2	2275
chr12	40651971	40651972	rs17461664	chr12	40648401	40648600	17_EnhW2	3372
chr12	40654872	40654873	rs11564152	chr12	40648401	40648600	17_EnhW2	6273
chr12	40658154	40658155	rs17465946	chr12	40648401	40648600	17_EnhW2	9555
chr12	40658866	40658867	rs17443600	chr12	40648401	40648600	17_EnhW2	10267
chr12	40662690	40662691	rs144202154	chr12	40648401	40648600	17_EnhW2	14091
chr12	40666736	40666737	rs17443656	chr12	40680201	40680600	17_EnhW2	13465
chr12	40667662	40667663	rs17466016	chr12	40680201	40680600	17_EnhW2	12539
chr12	40670055	40670056	rs4628750	chr12	40680201	40680600	17_EnhW2	10146
chr12	40670593	40670594	rs141409298	chr12	40680201	40680600	17_EnhW2	9608
chr12	40673117	40673118	rs150574014	chr12	40680201	40680600	17_EnhW2	7084
chr12	40673523	40673524	rs11564271	chr12	40680201	40680600	17_EnhW2	6678
chr12	40677598	40677599	rs36212067	chr12	40680201	40680600	17_EnhW2	2603
chr12	40677654	40677655	rs36220738	chr12	40680201	40680600	17_EnhW2	2547
chr12	40678087	40678088	rs147015277	chr12	40680201	40680600	17_EnhW2	2114
chr12	40686310	40686311	rs199943607	chr12	40680201	40680600	17_EnhW2	5711
chr12	40688496	40688497	rs4768226	chr12	40694601	40694800	17_EnhW2	6105
chr12	40700955	40700956	rs146906071	chr12	40694601	40694800	17_EnhW2	6156
chr12	40703046	40703047	rs200829235	chr12	40694601	40694800	17_EnhW2	8247
chr12	40707112	40707113	rs12427245	chr12	40694601	40694800	17_EnhW2	12313
chr12	40707409	40707410	rs17443909	chr12	40694601	40694800	17_EnhW2	12610
chr12	40708321	40708322	rs72547977	chr12	40694601	40694800	17_EnhW2	13522
chr12	40711446	40711447	rs4768228	chr12	40694601	40694800	17_EnhW2	16647
chr12	40715082	40715083	rs17444028	chr12	40694601	40694800	17_EnhW2	20283
chr12	40716433	40716434	rs17444054	chr12	40694601	40694800	17_EnhW2	21634
chr12	40717142	40717143	rs17484342	chr12	40694601	40694800	17_EnhW2	22343
chr12	40721158	40721159	rs17444103	chr12	40694601	40694800	17_EnhW2	26359
chr12	40725257	40725258	rs140812745	chr12	40694601	40694800	17_EnhW2	30458
chr12	40727144	40727145	rs28365229	chr12	40694601	40694800	17_EnhW2	32345
chr12	40728625	40728626	rs149596967	chr12	40694601	40694800	17_EnhW2	33826
chr12	40731012	40731013	rs10506154	chr12	40694601	40694800	17_EnhW2	36213
chr12	40740222	40740223	rs148319899	chr12	40694601	40694800	17_EnhW2	45423
chr12	40740685	40740686	rs33995883	chr12	40694601	40694800	17_EnhW2	45886
chr12	40740872	40740873	rs17484493	chr12	40694601	40694800	17_EnhW2	46073
chr12	40745776	40745777	rs12426639	chr12	40694601	40694800	17_EnhW2	50977
chr12	40747434	40747435	rs12426326	chr12	40694601	40694800	17_EnhW2	52635
chr12	40747750	40747751	rs17484541	chr12	40694601	40694800	17_EnhW2	52951
chr12	40750194	40750195	rs11564266	chr12	40694601	40694800	17_EnhW2	55395
chr12	40751373	40751374	rs80172174	chr12	40694601	40694800	17_EnhW2	56574
chr12	40753795	40753796	rs117891010	chr12	40694601	40694800	17_EnhW2	58996
chr12	40754307	40754308	rs11564146	chr12	40694601	40694800	17_EnhW2	59508
chr12	40755214	40755215	rs1365768	chr12	40694601	40694800	17_EnhW2	60415
chr12	40755288	40755289	rs1365769	chr12	40694601	40694800	17_EnhW2	60489
chr12	40760630	40760631	rs17466626	chr12	40694601	40694800	17_EnhW2	65831
chr12	40760763	40760764	rs3789329	chr12	40694601	40694800	17_EnhW2	65964
chr12	40763012	40763013	rs12422278	chr12	40694601	40694800	17_EnhW2	68213
chr12	40768904	40768905	rs12422527	chr12	40694601	40694800	17_EnhW2	74105
chr12	40768923	40768924	rs139236560	chr12	40694601	40694800	17_EnhW2	74124
chr12	40770470	40770471	rs17497325	chr12	40694601	40694800	17_EnhW2	75671
chr12	40772750	40772751	rs17466738	chr12	40694601	40694800	17_EnhW2	77951
chr12	40772939	40772940	rs117366914	chr12	40694601	40694800	17_EnhW2	78140
chr12	40773601	40773602	rs79139914	chr12	40694601	40694800	17_EnhW2	78802
chr12	40774677	40774678	rs79579007	chr12	40694601	40694800	17_EnhW2	79878
chr12	40775058	40775059	rs74351518	chr12	40694601	40694800	17_EnhW2	80259
chr12	40775126	40775127	rs117780447	chr12	40694601	40694800	17_EnhW2	80327
chr12	40776407	40776408	rs199922348	chr12	40694601	40694800	17_EnhW2	81608
chr12	40777657	40777658	rs12424494	chr12	40694601	40694800	17_EnhW2	82858
chr12	40778124	40778125	rs150236143	chr12	40694601	40694800	17_EnhW2	83325
chr12	40784417	40784418	rs17466893	chr12	40694601	40694800	17_EnhW2	89618
chr12	40784573	40784574	rs17466907	chr12	40694601	40694800	17_EnhW2	89774
chr12	40786827	40786828	rs17466969	chr12	40694601	40694800	17_EnhW2	92028
chr12	40787263	40787264	rs148698440	chr12	40694601	40694800	17_EnhW2	92464
chr12	40788597	40788598	rs73094961	chr12	40694601	40694800	17_EnhW2	93798
chr12	40788646	40788647	rs141037287	chr12	40694601	40694800	17_EnhW2	93847
chr12	40789189	40789190	rs117222477	chr12	40694601	40694800	17_EnhW2	94390
chr12	40789215	40789216	rs117144345	chr12	40694601	40694800	17_EnhW2	94416
chr12	40789408	40789409	rs144214850	chr12	40694601	40694800	17_EnhW2	94609
chr12	40789455	40789456	rs141893556	chr12	40694601	40694800	17_EnhW2	94656
chr12	40789589	40789590	rs201355543	chr12	40694601	40694800	17_EnhW2	94790
chr12	40789657	40789658	rs117887879	chr12	40694601	40694800	17_EnhW2	94858
chr12	40789961	40789962	rs1365762	chr12	40694601	40694800	17_EnhW2	95162
chr12	40790529	40790530	rs11564264	chr12	40694601	40694800	17_EnhW2	95730
chr12	40790739	40790740	rs139528704	chr12	40694601	40694800	17_EnhW2	95940
chr12	40790923	40790924	rs11564262	chr12	40694601	40694800	17_EnhW2	96124
chr12	40791406	40791407	rs117929583	chr12	40694601	40694800	17_EnhW2	96607
chr12	40791851	40791852	rs145665119	chr12	40694601	40694800	17_EnhW2	97052
chr12	40791929	40791930	rs3909731	chr12	40694601	40694800	17_EnhW2	97130
chr12	40792196	40792197	rs11564259	chr12	40694601	40694800	17_EnhW2	97397
chr12	40792299	40792300	rs11564258	chr12	40694601	40694800	17_EnhW2	97500
chr12	40792702	40792703	rs971615	chr12	40694601	40694800	17_EnhW2	97903
chr12	40792855	40792856	rs971616	chr12	40694601	40694800	17_EnhW2	98056
chr12	40792976	40792977	rs971617	chr12	40694601	40694800	17_EnhW2	98177
chr12	40793459	40793460	rs77719105	chr12	40694601	40694800	17_EnhW2	98660
chr12	40793514	40793515	rs78300565	chr12	40694601	40694800	17_EnhW2	98715
chr12	40793575	40793576	rs199703399	chr12	40694601	40694800	17_EnhW2	98776
chr12	40793662	40793663	rs149803864	chr12	40694601	40694800	17_EnhW2	98863
chr12	40793898	40793899	rs2017917	chr12	40694601	40694800	17_EnhW2	99099
chr12	40794292	40794293	rs3899331	chr12	40694601	40694800	17_EnhW2	99493
chr12	40794451	40794452	rs3899332	chr12	40694601	40694800	17_EnhW2	99652
chr12	40795020	40795021	rs17444626	chr12	40694601	40694800	17_EnhW2	100221
chr12	40796285	40796286	rs4768248	chr12	40694601	40694800	17_EnhW2	101486
chr12	40796333	40796334	rs4768249	chr12	40694601	40694800	17_EnhW2	101534
chr12	40796364	40796365	rs4768251	chr12	40694601	40694800	17_EnhW2	101565
chr12	40797037	40797038	rs17467039	chr12	40694601	40694800	17_EnhW2	102238
chr12	40797204	40797205	rs17444646	chr12	40694601	40694800	17_EnhW2	102405
chr12	40797385	40797386	rs144873199	chr12	40694601	40694800	17_EnhW2	102586
chr12	40797510	40797511	rs146687709	chr12	40694601	40694800	17_EnhW2	102711
chr12	40797581	40797582	rs117725664	chr12	40694601	40694800	17_EnhW2	102782
chr12	40797861	40797862	rs117033661	chr12	40694601	40694800	17_EnhW2	103062
chr12	40797920	40797921	rs201950123	chr12	40694601	40694800	17_EnhW2	103121
chr12	40797958	40797959	rs150169357	chr12	40694601	40694800	17_EnhW2	103159
chr12	40798195	40798196	rs149344784	chr12	40694601	40694800	17_EnhW2	103396
chr12	40798221	40798222	rs186316711	chr12	40694601	40694800	17_EnhW2	103422
chr12	40798265	40798266	rs147045449	chr12	40694601	40694800	17_EnhW2	103466
chr12	40798270	40798271	rs138361990	chr12	40694601	40694800	17_EnhW2	103471
chr12	40798412	40798413	rs11564256	chr12	40694601	40694800	17_EnhW2	103613
chr12	40798541	40798542	rs143926317	chr12	40694601	40694800	17_EnhW2	103742
chr12	40799276	40799277	rs17444667	chr12	40694601	40694800	17_EnhW2	104477
chr12	40799941	40799942	rs201098338	chr12	40694601	40694800	17_EnhW2	105142
chr12	40801295	40801296	rs117591458	chr12	40694601	40694800	17_EnhW2	106496
chr12	40801529	40801530	rs12426903	chr12	40694601	40694800	17_EnhW2	106730
chr12	40802381	40802382	rs77842130	chr12	40694601	40694800	17_EnhW2	107582
chr12	40802965	40802966	rs146759849	chr12	40694601	40694800	17_EnhW2	108166
chr12	40803128	40803129	rs12422390	chr12	40694601	40694800	17_EnhW2	108329
chr12	40803193	40803194	rs12423986	chr12	40694601	40694800	17_EnhW2	108394
chr12	40803964	40803965	rs17444681	chr12	40694601	40694800	17_EnhW2	109165
chr12	40804092	40804093	rs17444688	chr12	40694601	40694800	17_EnhW2	109293
chr12	40804494	40804495	rs146427470	chr12	40694601	40694800	17_EnhW2	109695
chr12	40804532	40804533	rs17467081	chr12	40694601	40694800	17_EnhW2	109733
chr12	40804712	40804713	rs17467088	chr12	40694601	40694800	17_EnhW2	109913
chr12	40805146	40805147	rs11564255	chr12	40694601	40694800	17_EnhW2	110347
chr12	40805328	40805329	rs117867889	chr12	40694601	40694800	17_EnhW2	110529
chr12	40805666	40805667	rs17467095	chr12	40694601	40694800	17_EnhW2	110867
chr12	40805676	40805677	rs17444702	chr12	40694601	40694800	17_EnhW2	110877
chr12	40806593	40806594	rs17467102	chr12	40694601	40694800	17_EnhW2	111794
chr12	40806709	40806710	rs17467109	chr12	40694601	40694800	17_EnhW2	111910
chr12	40806736	40806737	rs17467116	chr12	40694601	40694800	17_EnhW2	111937
chr12	40806831	40806832	rs117908462	chr12	40694601	40694800	17_EnhW2	112032
chr12	40806910	40806911	rs74565412	chr12	40694601	40694800	17_EnhW2	112111
chr12	40806956	40806957	rs75697282	chr12	40694601	40694800	17_EnhW2	112157
chr12	40807096	40807097	rs12427134	chr12	40694601	40694800	17_EnhW2	112297
chr12	40807128	40807129	rs12424424	chr12	40694601	40694800	17_EnhW2	112329
chr12	40807726	40807727	rs17492152	chr12	40694601	40694800	17_EnhW2	112927
chr12	40807875	40807876	rs17444744	chr12	40694601	40694800	17_EnhW2	113076
chr12	40807929	40807930	rs17444751	chr12	40694601	40694800	17_EnhW2	113130
chr12	40807992	40807993	rs75200805	chr12	40694601	40694800	17_EnhW2	113193
chr12	40808671	40808672	rs4768252	chr12	40694601	40694800	17_EnhW2	113872
chr12	40808725	40808726	rs4768253	chr12	40694601	40694800	17_EnhW2	113926
chr12	40808798	40808799	rs4768254	chr12	40694601	40694800	17_EnhW2	113999
chr12	40809052	40809053	rs148124094	chr12	40694601	40694800	17_EnhW2	114253
chr12	40809189	40809190	rs117021749	chr12	40694601	40694800	17_EnhW2	114390
chr12	40809205	40809206	rs191075898	chr12	40694601	40694800	17_EnhW2	114406
chr12	40809255	40809256	rs80220485	chr12	40694601	40694800	17_EnhW2	114456
chr12	40809337	40809338	rs117909126	chr12	40694601	40694800	17_EnhW2	114538
chr12	40809501	40809502	rs17467137	chr12	40694601	40694800	17_EnhW2	114702
chr12	40809749	40809750	rs11564253	chr12	40694601	40694800	17_EnhW2	114950
chr12	40809982	40809983	rs142268259	chr12	40694601	40694800	17_EnhW2	115183
chr12	40810106	40810107	rs183347939	chr12	40694601	40694800	17_EnhW2	115307
chr12	40810111	40810112	rs143377635	chr12	40694601	40694800	17_EnhW2	115312
chr12	40810160	40810161	rs17467144	chr12	40694601	40694800	17_EnhW2	115361
chr12	40810176	40810177	rs117237084	chr12	40694601	40694800	17_EnhW2	115377
chr12	40810212	40810213	rs118081441	chr12	40694601	40694800	17_EnhW2	115413
chr12	40810237	40810238	rs116946443	chr12	40694601	40694800	17_EnhW2	115438
chr12	40810452	40810453	rs144495455	chr12	40694601	40694800	17_EnhW2	115653
chr12	40810608	40810609	rs139590240	chr12	40694601	40694800	17_EnhW2	115809
chr12	40810651	40810652	rs143615969	chr12	40694601	40694800	17_EnhW2	115852
chr12	40810821	40810822	rs147196025	chr12	40694601	40694800	17_EnhW2	116022
chr12	40810823	40810824	rs140578439	chr12	40694601	40694800	17_EnhW2	116024
chr12	40810961	40810962	rs17444765	chr12	40694601	40694800	17_EnhW2	116162
chr12	40811664	40811665	rs11564145	chr12	40694601	40694800	17_EnhW2	116865
chr12	40811784	40811785	rs200010314	chr12	40694601	40694800	17_EnhW2	116985
chr12	40811847	40811848	rs141315343	chr12	40694601	40694800	17_EnhW2	117048
chr12	40811862	40811863	rs74564935	chr12	40694601	40694800	17_EnhW2	117063
chr12	40812147	40812148	rs7487333	chr12	40694601	40694800	17_EnhW2	117348
chr12	40812206	40812207	rs7485401	chr12	40694601	40694800	17_EnhW2	117407
chr12	40812257	40812258	rs35462920	chr12	40694601	40694800	17_EnhW2	117458
chr12	40812309	40812310	rs7487209	chr12	40694601	40694800	17_EnhW2	117510
chr12	40812391	40812392	rs5015147	chr12	40694601	40694800	17_EnhW2	117592
chr12	40812418	40812419	rs5015148	chr12	40694601	40694800	17_EnhW2	117619
chr12	40812493	40812494	rs5015149	chr12	40694601	40694800	17_EnhW2	117694
chr12	40812637	40812638	rs148180074	chr12	40694601	40694800	17_EnhW2	117838
chr12	40812750	40812751	rs150306906	chr12	40694601	40694800	17_EnhW2	117951
chr12	40812837	40812838	rs137980689	chr12	40694601	40694800	17_EnhW2	118038
chr12	40812872	40812873	rs118122990	chr12	40694601	40694800	17_EnhW2	118073
chr12	40812895	40812896	rs117435671	chr12	40694601	40694800	17_EnhW2	118096
chr12	40812940	40812941	rs117844952	chr12	40694601	40694800	17_EnhW2	118141
chr12	40813410	40813411	rs149308025	chr12	40694601	40694800	17_EnhW2	118611
chr12	40813448	40813449	rs116911200	chr12	40694601	40694800	17_EnhW2	118649
chr12	40813516	40813517	rs374862256	chr12	40694601	40694800	17_EnhW2	118717
chr12	40813569	40813570	rs76672535	chr12	40694601	40694800	17_EnhW2	118770
chr12	40813725	40813726	rs117482806	chr12	40694601	40694800	17_EnhW2	118926
chr12	40813814	40813815	rs17467157	chr12	40694601	40694800	17_EnhW2	119015
chr12	40814106	40814107	rs2114566	chr12	40694601	40694800	17_EnhW2	119307
chr12	40814196	40814197	rs17467164	chr12	40694601	40694800	17_EnhW2	119397
chr12	40814266	40814267	rs17467171	chr12	40694601	40694800	17_EnhW2	119467
chr12	40814269	40814270	rs17467178	chr12	40694601	40694800	17_EnhW2	119470
chr12	40814310	40814311	rs369547902	chr12	40694601	40694800	17_EnhW2	119511
chr12	40814354	40814355	rs200903764	chr12	40694601	40694800	17_EnhW2	119555
chr12	40814583	40814584	rs4768258	chr12	40694601	40694800	17_EnhW2	119784
chr12	40814660	40814661	rs4768259	chr12	40694601	40694800	17_EnhW2	119861
chr12	40814756	40814757	rs11350707	chr12	40694601	40694800	17_EnhW2	119957
chr12	40814851	40814852	rs4768260	chr12	40694601	40694800	17_EnhW2	120052
chr12	40815006	40815007	rs80212515	chr12	40694601	40694800	17_EnhW2	120207
chr12	40815059	40815060	rs149221842	chr12	40694601	40694800	17_EnhW2	120260
chr12	40815260	40815261	rs116937891	chr12	40694601	40694800	17_EnhW2	120461
chr12	40815305	40815306	rs148144443	chr12	40694601	40694800	17_EnhW2	120506
chr12	40815559	40815560	rs11176553	chr12	40694601	40694800	17_EnhW2	120760
chr12	40816225	40816226	rs200610116	chr12	40694601	40694800	17_EnhW2	121426
chr12	40816460	40816461	rs201714398	chr12	40694601	40694800	17_EnhW2	121661
chr12	40816480	40816481	rs138069086	chr12	40694601	40694800	17_EnhW2	121681
chr12	40816503	40816504	rs77099153	chr12	40694601	40694800	17_EnhW2	121704
chr12	40816724	40816725	rs12424944	chr12	40694601	40694800	17_EnhW2	121925
chr12	40816743	40816744	rs12425211	chr12	40694601	40694800	17_EnhW2	121944
chr12	40816841	40816842	rs143637609	chr12	40694601	40694800	17_EnhW2	122042
chr12	40817021	40817022	rs148542465	chr12	40694601	40694800	17_EnhW2	122222
chr12	40817055	40817056	rs117036566	chr12	40694601	40694800	17_EnhW2	122256
chr12	40817238	40817239	rs144937184	chr12	40694601	40694800	17_EnhW2	122439
chr12	40817358	40817359	rs17467185	chr12	40694601	40694800	17_EnhW2	122559
chr12	40817447	40817448	rs147968276	chr12	40694601	40694800	17_EnhW2	122648
chr12	40817817	40817818	rs145798252	chr12	40694601	40694800	17_EnhW2	123018
chr12	40817878	40817879	rs138435304	chr12	40694601	40694800	17_EnhW2	123079
chr12	40817994	40817995	rs11564144	chr12	40694601	40694800	17_EnhW2	123195
chr12	40818167	40818168	rs11176564	chr12	40694601	40694800	17_EnhW2	123368
chr12	40818226	40818227	rs35890166	chr12	40694601	40694800	17_EnhW2	123427
chr12	40818410	40818411	rs117437130	chr12	40694601	40694800	17_EnhW2	123611
chr12	40818449	40818450	rs12425677	chr12	40694601	40694800	17_EnhW2	123650
chr12	40818461	40818462	rs12425678	chr12	40694601	40694800	17_EnhW2	123662
chr12	40818995	40818996	rs117109234	chr12	40694601	40694800	17_EnhW2	124196
chr12	40819170	40819171	rs150011257	chr12	40694601	40694800	17_EnhW2	124371
chr12	40819188	40819189	rs144318248	chr12	40694601	40694800	17_EnhW2	124389
chr12	40819395	40819396	rs201448645	chr12	40694601	40694800	17_EnhW2	124596
chr12	40819723	40819724	rs11564250	chr12	40694601	40694800	17_EnhW2	124924
chr12	40819948	40819949	rs17444840	chr12	40694601	40694800	17_EnhW2	125149
chr12	40820000	40820001	rs11564126	chr12	40694601	40694800	17_EnhW2	125201
chr12	40820123	40820124	rs17467213	chr12	40694601	40694800	17_EnhW2	125324
chr12	40820164	40820165	rs17462180	chr12	40694601	40694800	17_EnhW2	125365
chr12	40820402	40820403	rs11564249	chr12	40694601	40694800	17_EnhW2	125603
chr12	40820569	40820570	rs11564248	chr12	40694601	40694800	17_EnhW2	125770
chr12	40820851	40820852	rs17444868	chr12	40694601	40694800	17_EnhW2	126052
chr12	40820861	40820862	rs17444875	chr12	40694601	40694800	17_EnhW2	126062
chr12	40821158	40821159	rs17467249	chr12	40694601	40694800	17_EnhW2	126359
chr12	40821277	40821278	rs17467263	chr12	40694601	40694800	17_EnhW2	126478
chr12	40821434	40821435	rs11564143	chr12	40694601	40694800	17_EnhW2	126635
chr12	40821477	40821478	rs11564247	chr12	40694601	40694800	17_EnhW2	126678
chr12	40821744	40821745	rs17444903	chr12	40694601	40694800	17_EnhW2	126945
chr12	40821794	40821795	rs61736852	chr12	40694601	40694800	17_EnhW2	126995
chr12	40821846	40821847	rs11564170	chr12	40694601	40694800	17_EnhW2	127047
chr12	40821870	40821871	rs17467284	chr12	40694601	40694800	17_EnhW2	127071
chr12	40821959	40821960	rs17467291	chr12	40694601	40694800	17_EnhW2	127160
chr12	40822097	40822098	rs117981694	chr12	40694601	40694800	17_EnhW2	127298
chr12	40822345	40822346	rs11564246	chr12	40694601	40694800	17_EnhW2	127546
chr12	40822821	40822822	rs80118503	chr12	40694601	40694800	17_EnhW2	128022
chr12	40822996	40822997	rs77220017	chr12	40694601	40694800	17_EnhW2	128197
chr12	40823001	40823002	rs75771828	chr12	40694601	40694800	17_EnhW2	128202
chr12	40823217	40823218	rs11564111	chr12	40694601	40694800	17_EnhW2	128418
chr12	40823229	40823230	rs80205770	chr12	40694601	40694800	17_EnhW2	128430
chr12	40823473	40823474	rs10506156	chr12	40694601	40694800	17_EnhW2	128674
chr12	40823492	40823493	rs10506157	chr12	40694601	40694800	17_EnhW2	128693
chr12	40823657	40823658	rs143228478	chr12	40694601	40694800	17_EnhW2	128858
chr12	40823874	40823875	rs189621487	chr12	40694601	40694800	17_EnhW2	129075
chr12	40823905	40823906	rs192145450	chr12	40694601	40694800	17_EnhW2	129106
chr12	40823969	40823970	rs188619640	chr12	40694601	40694800	17_EnhW2	129170
chr12	40824057	40824058	rs149557347	chr12	40694601	40694800	17_EnhW2	129258
chr12	40824080	40824081	rs143134762	chr12	40694601	40694800	17_EnhW2	129281
chr12	40824153	40824154	rs10506158	chr12	40694601	40694800	17_EnhW2	129354
chr12	40824216	40824217	rs200907986	chr12	40694601	40694800	17_EnhW2	129417
chr12	40824220	40824221	rs189186053	chr12	40694601	40694800	17_EnhW2	129421
chr12	40824233	40824234	rs78437109	chr12	40694601	40694800	17_EnhW2	129434
chr12	40824265	40824266	rs35673053	chr12	40694601	40694800	17_EnhW2	129466
chr12	40824375	40824376	rs11564244	chr12	40694601	40694800	17_EnhW2	129576
chr12	40824662	40824663	rs34635748	chr12	40694601	40694800	17_EnhW2	129863
chr12	40824684	40824685	rs35831888	chr12	40694601	40694800	17_EnhW2	129885
chr12	40824797	40824798	rs140892874	chr12	40694601	40694800	17_EnhW2	129998
chr12	40824818	40824819	rs150185915	chr12	40694601	40694800	17_EnhW2	130019
chr12	40824947	40824948	rs10506159	chr12	40694601	40694800	17_EnhW2	130148
chr12	40825107	40825108	rs11564242	chr12	40694601	40694800	17_EnhW2	130308
chr12	40825216	40825217	rs11564241	chr12	40694601	40694800	17_EnhW2	130417
chr12	40825334	40825335	rs11564114	chr12	40694601	40694800	17_EnhW2	130535
chr12	40825541	40825542	rs11564240	chr12	40694601	40694800	17_EnhW2	130742
chr12	40825608	40825609	rs146015937	chr12	40694601	40694800	17_EnhW2	130809
chr12	40825699	40825700	rs117357330	chr12	40694601	40694800	17_EnhW2	130900
chr12	40825714	40825715	rs10506160	chr12	40694601	40694800	17_EnhW2	130915
chr12	40826020	40826021	rs11564169	chr12	40694601	40694800	17_EnhW2	131221
chr12	40826049	40826050	rs75197709	chr12	40694601	40694800	17_EnhW2	131250
chr12	40826137	40826138	rs143218501	chr12	40694601	40694800	17_EnhW2	131338
chr12	40826200	40826201	rs11564125	chr12	40694601	40694800	17_EnhW2	131401
chr12	40826321	40826322	rs10506161	chr12	40694601	40694800	17_EnhW2	131522
chr12	40826398	40826399	rs142614989	chr12	40694601	40694800	17_EnhW2	131599
chr12	40826534	40826535	rs11564104	chr12	40694601	40694800	17_EnhW2	131735
chr12	40826647	40826648	rs150783999	chr12	40694601	40694800	17_EnhW2	131848
chr12	40826682	40826683	rs117774158	chr12	40694601	40694800	17_EnhW2	131883
chr12	40826686	40826687	rs79306701	chr12	40694601	40694800	17_EnhW2	131887
chr12	40826760	40826761	rs141522472	chr12	40694601	40694800	17_EnhW2	131961
chr12	40827080	40827081	rs10506163	chr12	40694601	40694800	17_EnhW2	132281
chr12	40827217	40827218	rs76476033	chr12	40694601	40694800	17_EnhW2	132418
chr12	40827821	40827822	rs11564238	chr12	40694601	40694800	17_EnhW2	133022
chr12	40827890	40827891	rs17444966	chr12	40694601	40694800	17_EnhW2	133091
chr12	40828018	40828019	rs11564237	chr12	40694601	40694800	17_EnhW2	133219
chr12	40828305	40828306	rs11564236	chr12	40694601	40694800	17_EnhW2	133506
chr12	40837164	40837165	rs61736778	chr12	40963201	40964200	17_EnhW2	126037
chr12	40839381	40839382	rs17445098	chr12	40963201	40964200	17_EnhW2	123820
chr12	40845196	40845197	rs148558351	chr12	40963201	40964200	17_EnhW2	118005
chr12	40848749	40848750	rs145537869	chr12	40963201	40964200	17_EnhW2	114452
chr12	40850493	40850494	rs150844887	chr12	40963201	40964200	17_EnhW2	112708
chr12	40850535	40850536	rs77351713	chr12	40963201	40964200	17_EnhW2	112666
chr12	40858795	40858796	rs144442954	chr12	40963201	40964200	17_EnhW2	104406
chr12	40863025	40863026	rs142684512	chr12	40963201	40964200	17_EnhW2	100176
chr12	40866022	40866023	rs117096594	chr12	40963201	40964200	17_EnhW2	97179
chr12	40878162	40878163	rs187883487	chr12	40963201	40964200	17_EnhW2	85039
chr12	40882823	40882824	rs149417150	chr12	40963201	40964200	17_EnhW2	80378
chr12	40883425	40883426	rs151282123	chr12	40963201	40964200	17_EnhW2	79776
chr12	40885765	40885766	rs200606107	chr12	40963201	40964200	17_EnhW2	77436
chr12	40888320	40888321	rs138419080	chr12	40963201	40964200	17_EnhW2	74881
chr12	40888945	40888946	rs138113611	chr12	40963201	40964200	17_EnhW2	74256
chr12	40894467	40894468	rs139379619	chr12	40963201	40964200	17_EnhW2	68734
chr12	40894831	40894832	rs145902469	chr12	40963201	40964200	17_EnhW2	68370
chr12	40903875	40903876	rs113587793	chr12	40963201	40964200	17_EnhW2	59326
chr12	40904967	40904968	rs77190512	chr12	40963201	40964200	17_EnhW2	58234
chr12	40909152	40909153	rs111741276	chr12	40963201	40964200	17_EnhW2	54049
chr12	40910269	40910270	rs149400131	chr12	40963201	40964200	17_EnhW2	52932
chr12	40910915	40910916	rs112123352	chr12	40963201	40964200	17_EnhW2	52286
chr12	40917505	40917506	rs137961271	chr12	40963201	40964200	17_EnhW2	45696
chr12	40917896	40917897	rs111957740	chr12	40963201	40964200	17_EnhW2	45305
chr12	40925020	40925021	rs118142783	chr12	40963201	40964200	17_EnhW2	38181
chr12	40925243	40925244	rs112947124	chr12	40963201	40964200	17_EnhW2	37958
chr12	40930532	40930533	rs117717187	chr12	40963201	40964200	17_EnhW2	32669
chr12	40932852	40932853	rs147575672	chr12	40963201	40964200	17_EnhW2	30349
chr12	40934208	40934209	rs113244412	chr12	40963201	40964200	17_EnhW2	28993
chr12	40936682	40936683	rs144917352	chr12	40963201	40964200	17_EnhW2	26519
chr12	40939130	40939131	rs117220360	chr12	40963201	40964200	17_EnhW2	24071
chr12	40939266	40939267	rs111810036	chr12	40963201	40964200	17_EnhW2	23935
chr12	40939690	40939691	rs113037718	chr12	40963201	40964200	17_EnhW2	23511
chr12	40942189	40942190	rs75369494	chr12	40963201	40964200	17_EnhW2	21012
chr12	40942459	40942460	rs113595838	chr12	40963201	40964200	17_EnhW2	20742
chr12	40944107	40944108	rs112695036	chr12	40963201	40964200	17_EnhW2	19094
chr12	40944978	40944979	rs113912465	chr12	40963201	40964200	17_EnhW2	18223
chr12	40947000	40947001	rs141711230	chr12	40963201	40964200	17_EnhW2	16201
chr12	40951865	40951866	rs3751170	chr12	40963201	40964200	17_EnhW2	11336
chr12	40951889	40951890	rs3751171	chr12	40963201	40964200	17_EnhW2	11312
chr12	40952142	40952143	rs3751174	chr12	40963201	40964200	17_EnhW2	11059
chr12	40956364	40956365	rs75913487	chr12	40963201	40964200	17_EnhW2	6837
chr12	40956842	40956843	rs112427181	chr12	40963201	40964200	17_EnhW2	6359
chr12	40957374	40957375	rs146841445	chr12	40963201	40964200	17_EnhW2	5827
chr12	40957570	40957571	rs144499406	chr12	40963201	40964200	17_EnhW2	5631
chr12	40957781	40957782	rs79237076	chr12	40963201	40964200	17_EnhW2	5420
chr12	40958347	40958348	rs200055140	chr12	40963201	40964200	17_EnhW2	4854
chr12	40959154	40959155	rs117791815	chr12	40963201	40964200	17_EnhW2	4047
chr12	40960437	40960438	rs149554785	chr12	40963201	40964200	17_EnhW2	2764
chr12	40960718	40960719	rs79590437	chr12	40963201	40964200	17_EnhW2	2483
chr12	40960878	40960879	rs142039485	chr12	40963201	40964200	17_EnhW2	2323
chr12	40961189	40961190	rs76749507	chr12	40963201	40964200	17_EnhW2	2012
chr12	40961511	40961512	rs75211948	chr12	40963201	40964200	17_EnhW2	1690
chr12	40961520	40961521	rs79641772	chr12	40963201	40964200	17_EnhW2	1681
chr12	40961634	40961635	rs112262172	chr12	40963201	40964200	17_EnhW2	1567
chr12	40962436	40962437	rs148050945	chr12	40963201	40964200	17_EnhW2	765
chr12	40967582	40967583	rs78334550	chr12	40964201	40964400	16_EnhW1	3183
chr12	40968060	40968061	rs117188167	chr12	40964201	40964400	16_EnhW1	3661
chr12	40968156	40968157	rs111610657	chr12	40964201	40964400	16_EnhW1	3757
chr12	40968836	40968837	rs111308657	chr12	40964201	40964400	16_EnhW1	4437
chr12	40969765	40969766	rs111919012	chr12	40964201	40964400	16_EnhW1	5366
chr12	40971117	40971118	rs117956459	chr12	40964201	40964400	16_EnhW1	6718
chr12	40971556	40971557	rs79973671	chr12	40964201	40964400	16_EnhW1	7157
chr12	40972255	40972256	rs150459667	chr12	40964201	40964400	16_EnhW1	7856
chr12	40972766	40972767	rs113068980	chr12	40964201	40964400	16_EnhW1	8367
chr12	40972781	40972782	rs79081313	chr12	40964201	40964400	16_EnhW1	8382
chr12	40973950	40973951	rs113957839	chr12	40964201	40964400	16_EnhW1	9551
chr12	40975600	40975601	rs139374641	chr12	40964201	40964400	16_EnhW1	11201
chr12	40979848	40979849	rs74332325	chr12	40964201	40964400	16_EnhW1	15449
chr12	40980963	40980964	rs112407876	chr12	40964201	40964400	16_EnhW1	16564
chr12	40982203	40982204	rs151299658	chr12	40964201	40964400	16_EnhW1	17804
chr12	40986578	40986579	rs77151575	chr12	40964201	40964400	16_EnhW1	22179
chr12	40996959	40996960	rs117585683	chr12	41012601	41012800	16_EnhW1	15642
chr12	41006566	41006567	rs139941080	chr12	41012601	41012800	16_EnhW1	6035
chr12	41007105	41007106	rs145214463	chr12	41012601	41012800	16_EnhW1	5496
chr12	53513147	53513148	rs822683	chr12	53517401	53517800	16_EnhW1	4254
chr12	53513431	53513432	rs59262462	chr12	53517401	53517800	16_EnhW1	3970
chr12	53513432	53513433	rs61157643	chr12	53517401	53517800	16_EnhW1	3969
chr12	53518636	53518637	rs7961918	chr12	53517801	53518200	17_EnhW2	437
chr12	53518920	53518921	rs7965026	chr12	53517801	53518200	17_EnhW2	721
chr12	53518924	53518925	rs200158093	chr12	53517801	53518200	17_EnhW2	725
chr12	53519248	53519249	rs35315228	chr12	53517801	53518200	17_EnhW2	1049
chr12	53519514	53519515	rs35080178	chr12	53517801	53518200	17_EnhW2	1315
chr12	53520240	53520241	rs11170426	chr12	53517801	53518200	17_EnhW2	2041
chr12	53520357	53520358	rs11170427	chr12	53517801	53518200	17_EnhW2	2158
chr12	53521986	53521987	rs7296447	chr12	53517801	53518200	17_EnhW2	3787
chr12	53522125	53522126	rs55750660	chr12	53517801	53518200	17_EnhW2	3926
chr12	53522813	53522814	rs7965802	chr12	53517801	53518200	17_EnhW2	4614
chr12	53527204	53527205	rs7295559	chr12	53517801	53518200	17_EnhW2	9005
chr12	53528038	53528039	rs11170432	chr12	53517801	53518200	17_EnhW2	9839
chr12	53528047	53528048	rs55877120	chr12	53517801	53518200	17_EnhW2	9848
chr12	53528438	53528439	rs3915236	chr12	53517801	53518200	17_EnhW2	10239
chr12	53528574	53528575	rs1852446	chr12	53538801	53539000	17_EnhW2	10227
chr12	53530961	53530962	rs1851137	chr12	53538801	53539000	17_EnhW2	7840
chr12	53531371	53531372	rs7298527	chr12	53538801	53539000	17_EnhW2	7430
chr12	53532009	53532010	rs71447708	chr12	53538801	53539000	17_EnhW2	6792
chr12	53534702	53534703	rs9325155	chr12	53538801	53539000	17_EnhW2	4099
chr12	53536168	53536169	rs7304044	chr12	53538801	53539000	17_EnhW2	2633
chr12	53536347	53536348	rs7304089	chr12	53538801	53539000	17_EnhW2	2454
chr12	53536352	53536353	rs7303986	chr12	53538801	53539000	17_EnhW2	2449
chr12	53538758	53538759	rs55989133	chr12	53538801	53539000	17_EnhW2	43
chr12	53540488	53540489	rs112304845	chr12	53539401	53539800	15_EnhAF	689
chr12	53541050	53541051	rs114773340	chr12	53539401	53539800	15_EnhAF	1251
chr12	53541146	53541147	rs202066853	chr12	53539401	53539800	15_EnhAF	1347
chr12	53541174	53541175	rs199863943	chr12	53539401	53539800	15_EnhAF	1375
chr12	53541207	53541208	rs114218384	chr12	53539401	53539800	15_EnhAF	1408
chr12	53541264	53541265	rs117682677	chr12	53539401	53539800	15_EnhAF	1465
chr12	53541314	53541315	rs140002842	chr12	53539401	53539800	15_EnhAF	1515
chr12	53541409	53541410	rs199957644	chr12	53539401	53539800	15_EnhAF	1610
chr12	53541488	53541489	rs11170439	chr12	53539401	53539800	15_EnhAF	1689
chr12	53541672	53541673	rs140878838	chr12	53539401	53539800	15_EnhAF	1873
chr12	53545691	53545692	rs11170445	chr12	53539401	53539800	15_EnhAF	5892
chr12	53547090	53547091	rs7305472	chr12	53553401	53553800	16_EnhW1	6311
chr12	53547986	53547987	rs11170448	chr12	53553401	53553800	16_EnhW1	5415
chr12	53552660	53552661	rs3782151	chr12	53553401	53553800	16_EnhW1	741
chr12	53559028	53559029	rs10876414	chr12	53553401	53553800	16_EnhW1	5229
chr12	53565456	53565457	rs1465056	chr12	53566401	53567000	17_EnhW2	945
chr12	53568104	53568105	rs5798236	chr12	53567601	53568600	17_EnhW2	0
chr12	53574867	53574868	rs3134641	chr12	53573001	53573400	14_EnhA2	1468
chr12	56368718	56368719	rs11343216	chr12	56365601	56366600	13_EnhA1	2119
chr12	56369505	56369506	rs773107	chr12	56365601	56366600	13_EnhA1	2906
chr12	56369910	56369911	rs773108	chr12	56365601	56366600	13_EnhA1	3311
chr12	56372573	56372574	rs35830890	chr12	56365601	56366600	13_EnhA1	5974
chr12	56374694	56374695	rs773109	chr12	56365601	56366600	13_EnhA1	8095
chr12	56375136	56375137	rs773110	chr12	56365601	56366600	13_EnhA1	8537
chr12	56375739	56375740	rs773111	chr12	56365601	56366600	13_EnhA1	9140
chr12	56375880	56375881	rs773112	chr12	56365601	56366600	13_EnhA1	9281
chr12	56379059	56379060	rs773114	chr12	56390001	56390200	16_EnhW1	10942
chr12	56379426	56379427	rs1873914	chr12	56390001	56390200	16_EnhW1	10575
chr12	56380118	56380119	rs2048036	chr12	56390001	56390200	16_EnhW1	9883
chr12	56381483	56381484	rs61937247	chr12	56390001	56390200	16_EnhW1	8518
chr12	56381704	56381705	rs61937248	chr12	56390001	56390200	16_EnhW1	8297
chr12	56381915	56381916	rs61937249	chr12	56390001	56390200	16_EnhW1	8086
chr12	56384686	56384687	rs705698	chr12	56390001	56390200	16_EnhW1	5315
chr12	56384803	56384804	rs705699	chr12	56390001	56390200	16_EnhW1	5198
chr12	56389292	56389293	rs705700	chr12	56390001	56390200	16_EnhW1	709
chr12	56390363	56390364	rs772920	chr12	56390001	56390200	16_EnhW1	164
chr12	56390635	56390636	rs705702	chr12	56390001	56390200	16_EnhW1	436
chr12	56393336	56393337	rs1081975	chr12	56390001	56390200	16_EnhW1	3137
chr12	56394953	56394954	rs773125	chr12	56390001	56390200	16_EnhW1	4754
chr12	56396767	56396768	rs1689510	chr12	56390001	56390200	16_EnhW1	6568
chr12	56401084	56401085	rs10876864	chr12	56390001	56390200	16_EnhW1	10885
chr12	56403576	56403577	rs772921	chr12	56414401	56415000	16_EnhW1	10825
chr12	56412486	56412487	rs1701704	chr12	56414401	56415000	16_EnhW1	1915
chr12	56416927	56416928	rs2456973	chr12	56414401	56415000	16_EnhW1	1928
chr12	56422644	56422645	rs34813703	chr12	56422601	56423600	13_EnhA1	0
chr12	56427807	56427808	rs1702877	chr12	56423601	56423800	18_EnhAc	4008
chr12	56435411	56435412	rs705704	chr12	56434601	56434800	16_EnhW1	612
chr12	56435503	56435504	rs705705	chr12	56434601	56434800	16_EnhW1	704
chr12	56435928	56435929	rs1131017	chr12	56434601	56434800	16_EnhW1	1129
chr12	56441677	56441678	rs61555617	chr12	56440201	56441000	15_EnhAF	678
chr12	56444631	56444632	rs34415530	chr12	56440201	56441000	15_EnhAF	3632
chr12	56445365	56445366	rs10876866	chr12	56448401	56448600	17_EnhW2	3036
chr12	56446765	56446766	rs61938962	chr12	56448401	56448600	17_EnhW2	1636
chr12	56446803	56446804	rs61938963	chr12	56448401	56448600	17_EnhW2	1598
chr12	56449434	56449435	rs7302200	chr12	56449001	56449400	17_EnhW2	35
chr12	56449874	56449875	rs7305461	chr12	56449001	56449400	17_EnhW2	475
chr12	56450107	56450108	rs141490969	chr12	56449001	56449400	17_EnhW2	708
chr12	56455293	56455294	rs2640564	chr12	56454001	56454400	17_EnhW2	894
chr12	56466472	56466473	rs2640562	chr12	56465801	56466200	17_EnhW2	273
chr12	56467586	56467587	rs7312770	chr12	56465801	56466200	17_EnhW2	1387
chr12	56468705	56468706	rs7955865	chr12	56465801	56466200	17_EnhW2	2506
chr12	56468842	56468843	rs36159461	chr12	56465801	56466200	17_EnhW2	2643
chr12	56469184	56469185	rs4622308	chr12	56465801	56466200	17_EnhW2	2985
chr12	56470624	56470625	rs11171739	chr12	56465801	56466200	17_EnhW2	4425
chr12	56473807	56473808	rs7297175	chr12	56465801	56466200	17_EnhW2	7608
chr12	56474378	56474379	rs3741499	chr12	56465801	56466200	17_EnhW2	8179
chr12	56474479	56474480	rs4759229	chr12	56465801	56466200	17_EnhW2	8280
chr12	56477693	56477694	rs2271194	chr12	56465801	56466200	17_EnhW2	11494
chr12	56478001	56478002	rs10876870	chr12	56465801	56466200	17_EnhW2	11802
chr12	56478657	56478658	rs7971751	chr12	56465801	56466200	17_EnhW2	12458
chr12	56480582	56480583	rs877636	chr12	56465801	56466200	17_EnhW2	14383
chr12	56480647	56480648	rs705696	chr12	56465801	56466200	17_EnhW2	14448
chr12	56482179	56482180	rs2292239	chr12	56496801	56497000	16_EnhW1	14622
chr12	111708457	111708458	rs1265564	chr12	111797401	111798000	17_EnhW2	88944
chr12	111715196	111715197	rs1265565	chr12	111797401	111798000	17_EnhW2	82205
chr12	111720140	111720141	rs35466467	chr12	111797401	111798000	17_EnhW2	77261
chr12	111826482	111826483	rs3062379	chr12	111834201	111834600	17_EnhW2	7719
chr12	111833787	111833788	rs10774624	chr12	111834201	111834600	17_EnhW2	414
chr12	111865048	111865049	rs7310615	chr12	111842401	111842600	14_EnhA2	22449
chr12	111884607	111884608	rs3184504	chr12	111899401	111899800	15_EnhAF	14794
chr12	111904370	111904371	rs4766578	chr12	111904801	111905000	18_EnhAc	431
chr12	111907431	111907432	rs35350651	chr12	111907201	111907400	14_EnhA2	32
chr12	111910218	111910219	rs10774625	chr12	111907201	111907400	14_EnhA2	2819
chr12	111932799	111932800	rs7137828	chr12	111931201	111931400	15_EnhAF	1400
chr12	111973357	111973358	rs597808	chr12	111931201	111931400	15_EnhAF	41958
chr12	112007755	112007756	rs653178	chr12	112043801	112044600	17_EnhW2	36046
chr12	112059556	112059557	rs11065979	chr12	112073401	112073600	17_EnhW2	13845
chr12	112072423	112072424	rs11065987	chr12	112073401	112073600	17_EnhW2	978
chr12	112083161	112083162	rs11065991	chr12	112081401	112081800	13_EnhA1	1362
chr12	112151741	112151742	rs847888	chr12	112125201	112125400	17_EnhW2	26342
chr12	112200149	112200150	rs2013002	chr12	112196201	112196400	17_EnhW2	3750
chr12	112273498	112273499	rs11513729	chr12	112226201	112226400	14_EnhA2	47099
chr12	112486817	112486818	rs17696736	chr12	112521601	112522000	15_EnhAF	34784
chr12	112542649	112542650	rs71083201	chr12	112554201	112554400	14_EnhA2	11552
chr12	112553031	112553032	rs10850001	chr12	112554201	112554400	14_EnhA2	1170
chr12	112591685	112591686	rs17630235	chr12	112567801	112568200	13_EnhA1	23486
chr12	112610713	112610714	rs11066188	chr12	112620201	112620400	18_EnhAc	9488
chr12	112684220	112684221	rs7953257	chr12	112629401	112630000	13_EnhA1	54221
chr12	112840765	112840766	rs11066283	chr12	112824401	112825400	16_EnhW1	15366
chr12	112871371	112871372	rs11066301	chr12	112908601	112909000	18_EnhAc	37230
chr12	112883475	112883476	rs11066309	chr12	112908601	112909000	18_EnhAc	25126
chr12	112896840	112896841	rs58235019	chr12	112908601	112909000	18_EnhAc	11761
chr12	112906414	112906415	rs11066320	chr12	112908601	112909000	18_EnhAc	2187
chr13	32138330	32138331	rs1360072	chr13	32129801	32131600	13_EnhA1	6731
chr13	32163398	32163399	rs17076364	chr13	32162801	32163000	17_EnhW2	399
chr13	32167716	32167717	rs2085277	chr13	32168601	32169200	17_EnhW2	885
chr13	32230360	32230361	rs9576639	chr13	32213601	32214000	14_EnhA2	16361
chr13	76293397	76293398	rs71127574	chr13	76291001	76291400	15_EnhAF	1998
chr13	76293771	76293772	rs9530463	chr13	76291001	76291400	15_EnhAF	2372
chr13	76294594	76294595	rs2328956	chr13	76291001	76291400	15_EnhAF	3195
chr13	76303091	76303092	rs9565193	chr13	76291001	76291400	15_EnhAF	11692
chr13	76304278	76304279	rs200250034	chr13	76291001	76291400	15_EnhAF	12879
chr13	76304399	76304400	rs139555310	chr13	76291001	76291400	15_EnhAF	13000
chr13	76304942	76304943	rs7985435	chr13	76291001	76291400	15_EnhAF	13543
chr13	76306016	76306017	rs144452427	chr13	76291001	76291400	15_EnhAF	14617
chr13	76306215	76306216	rs148419981	chr13	76291001	76291400	15_EnhAF	14816
chr13	76307191	76307192	rs648632	chr13	76291001	76291400	15_EnhAF	15792
chr13	76307591	76307592	rs636505	chr13	76291001	76291400	15_EnhAF	16192
chr13	76307980	76307981	rs634729	chr13	76291001	76291400	15_EnhAF	16581
chr13	76308359	76308360	rs479824	chr13	76291001	76291400	15_EnhAF	16960
chr13	76309022	76309023	rs562940	chr13	76291001	76291400	15_EnhAF	17623
chr13	76309030	76309031	rs603274	chr13	76291001	76291400	15_EnhAF	17631
chr13	76309227	76309228	rs9573647	chr13	76291001	76291400	15_EnhAF	17828
chr13	76309278	76309279	rs9573648	chr13	76291001	76291400	15_EnhAF	17879
chr13	76309343	76309344	rs560069	chr13	76291001	76291400	15_EnhAF	17944
chr13	76309636	76309637	rs34545980	chr13	76291001	76291400	15_EnhAF	18237
chr13	76309745	76309746	rs1092601	chr13	76291001	76291400	15_EnhAF	18346
chr13	76316932	76316933	rs2761398	chr13	76291001	76291400	15_EnhAF	25533
chr13	76317458	76317459	rs2328953	chr13	76291001	76291400	15_EnhAF	26059
chr13	76317631	76317632	rs1924214	chr13	76291001	76291400	15_EnhAF	26232
chr13	76317793	76317794	rs776527	chr13	76291001	76291400	15_EnhAF	26394
chr13	76317972	76317973	rs585233	chr13	76291001	76291400	15_EnhAF	26573
chr13	76318452	76318453	rs4885345	chr13	76291001	76291400	15_EnhAF	27053
chr13	76319459	76319460	rs528783	chr13	76291001	76291400	15_EnhAF	28060
chr13	76320113	76320114	rs502171	chr13	76291001	76291400	15_EnhAF	28714
chr13	76320219	76320220	rs626182	chr13	76291001	76291400	15_EnhAF	28820
chr13	76326281	76326282	rs539514	chr13	76291001	76291400	15_EnhAF	34882
chr13	76326700	76326701	rs625755	chr13	76291001	76291400	15_EnhAF	35301
chr13	76334817	76334818	rs7997101	chr13	76291001	76291400	15_EnhAF	43418
chr13	76337779	76337780	rs530855	chr13	76291001	76291400	15_EnhAF	46380
chr13	76365090	76365091	rs35450911	chr13	76435801	76436200	17_EnhW2	70711
chr13	76365142	76365143	rs9544044	chr13	76435801	76436200	17_EnhW2	70659
chr13	76369745	76369746	rs668008	chr13	76435801	76436200	17_EnhW2	66056
chr13	76370563	76370564	rs598500	chr13	76435801	76436200	17_EnhW2	65238
chr13	76373412	76373413	rs658746	chr13	76435801	76436200	17_EnhW2	62389
chr13	76373923	76373924	rs660942	chr13	76435801	76436200	17_EnhW2	61878
chr13	76377128	76377129	rs552441	chr13	76435801	76436200	17_EnhW2	58673
chr13	100079832	100079833	rs9517712	chr13	100084401	100084600	17_EnhW2	4569
chr13	100081765	100081766	rs9585056	chr13	100084401	100084600	17_EnhW2	2636
chr14	69258840	69258841	rs927292	chr14	69263401	69263800	13_EnhA1	4561
chr14	69260510	69260511	rs17106304	chr14	69263401	69263800	13_EnhA1	2891
chr14	69261161	69261162	rs2236263	chr14	69263401	69263800	13_EnhA1	2240
chr14	69262440	69262441	rs3742887	chr14	69263401	69263800	13_EnhA1	961
chr14	69263340	69263341	rs8011558	chr14	69263401	69263800	13_EnhA1	61
chr14	69263598	69263599	rs1465788	chr14	69263401	69263800	13_EnhA1	0
chr14	69264574	69264575	rs34160920	chr14	69264201	69264400	17_EnhW2	175
chr14	69264655	69264656	rs194778	chr14	69264201	69264400	17_EnhW2	256
chr14	69267694	69267695	rs1595260	chr14	69266801	69268000	13_EnhA1	0
chr14	69268398	69268399	rs1595261	chr14	69268001	69268200	15_EnhAF	199
chr14	69270726	69270727	rs194751	chr14	69273201	69273400	15_EnhAF	2475
chr14	69270890	69270891	rs1836984	chr14	69273201	69273400	15_EnhAF	2311
chr14	69272298	69272299	rs11294653	chr14	69273201	69273400	15_EnhAF	903
chr14	69272318	69272319	rs4899258	chr14	69273201	69273400	15_EnhAF	883
chr14	69272642	69272643	rs7149271	chr14	69273201	69273400	15_EnhAF	559
chr14	69273089	69273090	rs367677	chr14	69273201	69273400	15_EnhAF	112
chr14	69273904	69273905	rs194749	chr14	69273401	69274400	13_EnhA1	0
chr14	69275088	69275089	rs194748	chr14	69274601	69275800	17_EnhW2	0
chr14	69277868	69277869	rs4899259	chr14	69274601	69275800	17_EnhW2	2069
chr14	69280048	69280049	rs7156516	chr14	69280601	69280800	17_EnhW2	553
chr14	69282332	69282333	rs402223	chr14	69280601	69280800	17_EnhW2	1533
chr14	69282710	69282711	rs168962	chr14	69284001	69284200	14_EnhA2	1291
chr14	69288431	69288432	rs194741	chr14	69285801	69286600	17_EnhW2	1832
chr14	69289900	69289901	rs750658	chr14	69291201	69292000	16_EnhW1	1301
chr14	69292050	69292051	rs183171	chr14	69291201	69292000	16_EnhW1	51
chr14	69293127	69293128	rs194717	chr14	69291201	69292000	16_EnhW1	1128
chr14	69295121	69295122	rs194715	chr14	69291201	69292000	16_EnhW1	3122
chr14	69295447	69295448	rs194714	chr14	69291201	69292000	16_EnhW1	3448
chr14	69296232	69296233	rs71102612	chr14	69291201	69292000	16_EnhW1	4233
chr14	69296666	69296667	rs1742893	chr14	69291201	69292000	16_EnhW1	4667
chr14	69297151	69297152	rs1274954	chr14	69291201	69292000	16_EnhW1	5152
chr14	69297211	69297212	rs1274953	chr14	69291201	69292000	16_EnhW1	5212
chr14	69299486	69299487	rs1274952	chr14	69291201	69292000	16_EnhW1	7487
chr14	69300156	69300157	rs1295793	chr14	69307601	69308000	17_EnhW2	7445
chr14	69301873	69301874	rs194739	chr14	69307601	69308000	17_EnhW2	5728
chr14	69305473	69305474	rs194734	chr14	69307601	69308000	17_EnhW2	2128
chr14	69306142	69306143	rs58891163	chr14	69307601	69308000	17_EnhW2	1459
chr14	69306218	69306219	rs194733	chr14	69307601	69308000	17_EnhW2	1383
chr14	69307484	69307485	rs194730	chr14	69307601	69308000	17_EnhW2	117
chr14	69307635	69307636	rs57071364	chr14	69307601	69308000	17_EnhW2	0
chr14	69310511	69310512	rs174213	chr14	69310201	69310400	15_EnhAF	112
chr14	69311423	69311424	rs194729	chr14	69310201	69310400	15_EnhAF	1024
chr14	69314058	69314059	rs434943	chr14	69310201	69310400	15_EnhAF	3659
chr14	98470050	98470051	rs77414713	chr14	98444401	98444800	16_EnhW1	25251
chr14	98470077	98470078	rs77982334	chr14	98444401	98444800	16_EnhW1	25278
chr14	98470107	98470108	rs75756024	chr14	98444401	98444800	16_EnhW1	25308
chr14	98473287	98473288	rs7147005	chr14	98444401	98444800	16_EnhW1	28488
chr14	98475644	98475645	rs11629296	chr14	98444401	98444800	16_EnhW1	30845
chr14	98476906	98476907	rs6575640	chr14	98444401	98444800	16_EnhW1	32107
chr14	98478603	98478604	rs876188	chr14	98444401	98444800	16_EnhW1	33804
chr14	98478678	98478679	rs876189	chr14	98444401	98444800	16_EnhW1	33879
chr14	98478839	98478840	rs1531521	chr14	98444401	98444800	16_EnhW1	34040
chr14	98479657	98479658	rs1379232	chr14	98444401	98444800	16_EnhW1	34858
chr14	98479685	98479686	rs1379233	chr14	98444401	98444800	16_EnhW1	34886
chr14	98480033	98480034	rs11160428	chr14	98444401	98444800	16_EnhW1	35234
chr14	98480124	98480125	rs10134180	chr14	98444401	98444800	16_EnhW1	35325
chr14	98480294	98480295	rs12887118	chr14	98444401	98444800	16_EnhW1	35495
chr14	98480743	98480744	rs67747949	chr14	98444401	98444800	16_EnhW1	35944
chr14	98480788	98480789	rs36207355	chr14	98444401	98444800	16_EnhW1	35989
chr14	98481014	98481015	rs1817243	chr14	98444401	98444800	16_EnhW1	36215
chr14	98481118	98481119	rs72153021	chr14	98444401	98444800	16_EnhW1	36319
chr14	98481232	98481233	rs9323978	chr14	98444401	98444800	16_EnhW1	36433
chr14	98481336	98481337	rs12436459	chr14	98444401	98444800	16_EnhW1	36537
chr14	98481419	98481420	rs9323979	chr14	98444401	98444800	16_EnhW1	36620
chr14	98481425	98481426	rs9323980	chr14	98444401	98444800	16_EnhW1	36626
chr14	98481449	98481450	rs9323981	chr14	98444401	98444800	16_EnhW1	36650
chr14	98481451	98481452	rs9323982	chr14	98444401	98444800	16_EnhW1	36652
chr14	98481618	98481619	rs4905637	chr14	98444401	98444800	16_EnhW1	36819
chr14	98481814	98481815	rs969458	chr14	98444401	98444800	16_EnhW1	37015
chr14	98482059	98482060	rs969459	chr14	98444401	98444800	16_EnhW1	37260
chr14	98482139	98482140	rs1350270	chr14	98444401	98444800	16_EnhW1	37340
chr14	98482374	98482375	rs1350271	chr14	98444401	98444800	16_EnhW1	37575
chr14	98482632	98482633	rs922402	chr14	98444401	98444800	16_EnhW1	37833
chr14	98482751	98482752	rs922404	chr14	98444401	98444800	16_EnhW1	37952
chr14	98482768	98482769	rs5810857	chr14	98444401	98444800	16_EnhW1	37969
chr14	98482893	98482894	rs922405	chr14	98444401	98444800	16_EnhW1	38094
chr14	98483009	98483010	rs11621636	chr14	98444401	98444800	16_EnhW1	38210
chr14	98483221	98483222	rs11621653	chr14	98444401	98444800	16_EnhW1	38422
chr14	98483775	98483776	rs8010161	chr14	98444401	98444800	16_EnhW1	38976
chr14	98483830	98483831	rs8010215	chr14	98444401	98444800	16_EnhW1	39031
chr14	98484033	98484034	rs8013335	chr14	98444401	98444800	16_EnhW1	39234
chr14	98484206	98484207	rs8013518	chr14	98444401	98444800	16_EnhW1	39407
chr14	98484636	98484637	rs4144157	chr14	98444401	98444800	16_EnhW1	39837
chr14	98485018	98485019	rs4383075	chr14	98444401	98444800	16_EnhW1	40219
chr14	98485110	98485111	rs11628807	chr14	98444401	98444800	16_EnhW1	40311
chr14	98485126	98485127	rs4383076	chr14	98444401	98444800	16_EnhW1	40327
chr14	98485307	98485308	rs11628876	chr14	98444401	98444800	16_EnhW1	40508
chr14	98485439	98485440	rs11160429	chr14	98444401	98444800	16_EnhW1	40640
chr14	98485514	98485515	rs10138574	chr14	98444401	98444800	16_EnhW1	40715
chr14	98485582	98485583	rs10150955	chr14	98444401	98444800	16_EnhW1	40783
chr14	98485804	98485805	rs10138969	chr14	98444401	98444800	16_EnhW1	41005
chr14	98485819	98485820	rs10138885	chr14	98444401	98444800	16_EnhW1	41020
chr14	98486019	98486020	rs922406	chr14	98444401	98444800	16_EnhW1	41220
chr14	98486052	98486053	rs922407	chr14	98444401	98444800	16_EnhW1	41253
chr14	98486119	98486120	rs922408	chr14	98444401	98444800	16_EnhW1	41320
chr14	98486230	98486231	rs922409	chr14	98444401	98444800	16_EnhW1	41431
chr14	98486372	98486373	rs2895665	chr14	98444401	98444800	16_EnhW1	41573
chr14	98486544	98486545	rs10142119	chr14	98444401	98444800	16_EnhW1	41745
chr14	98486621	98486622	rs7143957	chr14	98444401	98444800	16_EnhW1	41822
chr14	98486882	98486883	rs7143039	chr14	98444401	98444800	16_EnhW1	42083
chr14	98487342	98487343	rs8011031	chr14	98444401	98444800	16_EnhW1	42543
chr14	98487446	98487447	rs3902659	chr14	98444401	98444800	16_EnhW1	42647
chr14	98487506	98487507	rs1988588	chr14	98444401	98444800	16_EnhW1	42707
chr14	98487586	98487587	rs10134419	chr14	98444401	98444800	16_EnhW1	42787
chr14	98487762	98487763	rs7148853	chr14	98444401	98444800	16_EnhW1	42963
chr14	98488006	98488007	rs1456988	chr14	98444401	98444800	16_EnhW1	43207
chr14	98488619	98488620	rs147955926	chr14	98444401	98444800	16_EnhW1	43820
chr14	98488803	98488804	rs1456989	chr14	98444401	98444800	16_EnhW1	44004
chr14	98488885	98488886	rs1456990	chr14	98444401	98444800	16_EnhW1	44086
chr14	98489305	98489306	rs1350275	chr14	98444401	98444800	16_EnhW1	44506
chr14	98489407	98489408	rs1350276	chr14	98444401	98444800	16_EnhW1	44608
chr14	98490568	98490569	rs10137906	chr14	98444401	98444800	16_EnhW1	45769
chr14	98491331	98491332	rs4144155	chr14	98444401	98444800	16_EnhW1	46532
chr14	98492601	98492602	rs143023056	chr14	98444401	98444800	16_EnhW1	47802
chr14	98492842	98492843	rs1350277	chr14	98444401	98444800	16_EnhW1	48043
chr14	98494279	98494280	rs71106590	chr14	98444401	98444800	16_EnhW1	49480
chr14	98494677	98494678	rs28480229	chr14	98444401	98444800	16_EnhW1	49878
chr14	98495937	98495938	rs7144501	chr14	98444401	98444800	16_EnhW1	51138
chr14	98496131	98496132	rs36025852	chr14	98444401	98444800	16_EnhW1	51332
chr14	98496559	98496560	rs11622689	chr14	98444401	98444800	16_EnhW1	51760
chr14	98498478	98498479	rs11404263	chr14	98444401	98444800	16_EnhW1	53679
chr14	98498950	98498951	rs4900384	chr14	98444401	98444800	16_EnhW1	54151
chr14	101306044	101306045	rs941576	chr14	101308601	101309400	13_EnhA1	2557
chr14	101306285	101306286	rs3075324	chr14	101308601	101309400	13_EnhA1	2316
chr14	101306446	101306447	rs56994090	chr14	101308601	101309400	13_EnhA1	2155
chr14	101306842	101306843	rs34552516	chr14	101308601	101309400	13_EnhA1	1759
chr14	101307541	101307542	rs8022656	chr14	101308601	101309400	13_EnhA1	1060
chr14	101307702	101307703	rs34337125	chr14	101308601	101309400	13_EnhA1	899
chr15	38828139	38828140	rs8043085	chr15	38827001	38828600	13_EnhA1	0
chr15	38834032	38834033	rs8032939	chr15	38832401	38833000	17_EnhW2	1033
chr15	38836776	38836777	rs56059718	chr15	38832401	38833000	17_EnhW2	3777
chr15	38838263	38838264	rs8035957	chr15	38832401	38833000	17_EnhW2	5264
chr15	38838431	38838432	rs28536554	chr15	38832401	38833000	17_EnhW2	5432
chr15	38843475	38843476	rs72727387	chr15	38850801	38851000	17_EnhW2	7326
chr15	38843693	38843694	rs72727388	chr15	38850801	38851000	17_EnhW2	7108
chr15	38843886	38843887	rs28582094	chr15	38850801	38851000	17_EnhW2	6915
chr15	38844105	38844106	rs12593201	chr15	38850801	38851000	17_EnhW2	6696
chr15	38846342	38846343	rs35615287	chr15	38850801	38851000	17_EnhW2	4459
chr15	38846346	38846347	rs36027443	chr15	38850801	38851000	17_EnhW2	4455
chr15	38846677	38846678	rs7170151	chr15	38850801	38851000	17_EnhW2	4124
chr15	38846737	38846738	rs4924273	chr15	38850801	38851000	17_EnhW2	4064
chr15	38847021	38847022	rs72727394	chr15	38850801	38851000	17_EnhW2	3780
chr15	38847358	38847359	rs6495979	chr15	38850801	38851000	17_EnhW2	3443
chr15	38847762	38847763	rs11073337	chr15	38850801	38851000	17_EnhW2	3039
chr15	38847878	38847879	rs11348849	chr15	38850801	38851000	17_EnhW2	2923
chr15	38850261	38850262	rs11631591	chr15	38850801	38851000	17_EnhW2	540
chr15	38850329	38850330	rs7173565	chr15	38850801	38851000	17_EnhW2	472
chr15	38856960	38856961	rs55728265	chr15	38851201	38851800	17_EnhW2	5161
chr15	38858061	38858062	rs28438860	chr15	38851201	38851800	17_EnhW2	6262
chr15	38859754	38859755	rs201288484	chr15	38851201	38851800	17_EnhW2	7955
chr15	38865324	38865325	rs35134214	chr15	38851201	38851800	17_EnhW2	13525
chr15	38869665	38869666	rs17651741	chr15	38851201	38851800	17_EnhW2	17866
chr15	38898758	38898759	rs56083426	chr15	38851201	38851800	17_EnhW2	46959
chr15	38899087	38899088	rs72729306	chr15	38851201	38851800	17_EnhW2	47288
chr15	38899189	38899190	rs16967103	chr15	38851201	38851800	17_EnhW2	47390
chr15	38900311	38900312	rs17652674	chr15	38851201	38851800	17_EnhW2	48512
chr15	38900698	38900699	rs16967104	chr15	38851201	38851800	17_EnhW2	48899
chr15	38902475	38902476	rs17574546	chr15	38851201	38851800	17_EnhW2	50676
chr15	38903671	38903672	rs16967112	chr15	38851201	38851800	17_EnhW2	51872
chr15	38903883	38903884	rs56249992	chr15	38851201	38851800	17_EnhW2	52084
chr15	38904545	38904546	rs72729312	chr15	38851201	38851800	17_EnhW2	52746
chr15	38906133	38906134	rs72729314	chr15	38851201	38851800	17_EnhW2	54334
chr15	38906527	38906528	rs60924694	chr15	38851201	38851800	17_EnhW2	54728
chr15	38906585	38906586	rs61573680	chr15	38851201	38851800	17_EnhW2	54786
chr15	38906666	38906667	rs61109886	chr15	38851201	38851800	17_EnhW2	54867
chr15	38907040	38907041	rs7171171	chr15	38851201	38851800	17_EnhW2	55241
chr15	38909463	38909464	rs147034755	chr15	38851201	38851800	17_EnhW2	57664
chr15	38911669	38911670	rs377093688	chr15	38851201	38851800	17_EnhW2	59870
chr15	38912883	38912884	rs138562311	chr15	38851201	38851800	17_EnhW2	61084
chr15	38914642	38914643	rs55762999	chr15	38851201	38851800	17_EnhW2	62843
chr15	38914871	38914872	rs60455438	chr15	38851201	38851800	17_EnhW2	63072
chr15	38914968	38914969	rs4614699	chr15	38851201	38851800	17_EnhW2	63169
chr15	38915312	38915313	rs56279249	chr15	38851201	38851800	17_EnhW2	63513
chr15	38916711	38916712	rs72729320	chr15	38851201	38851800	17_EnhW2	64912
chr15	38918010	38918011	rs72729321	chr15	38851201	38851800	17_EnhW2	66211
chr15	38920178	38920179	rs56165729	chr15	38988201	38988400	17_EnhW2	68023
chr15	38920446	38920447	rs16967120	chr15	38988201	38988400	17_EnhW2	67755
chr15	38920824	38920825	rs55791667	chr15	38988201	38988400	17_EnhW2	67377
chr15	38921860	38921861	rs17653133	chr15	38988201	38988400	17_EnhW2	66341
chr15	38925194	38925195	rs72729322	chr15	38988201	38988400	17_EnhW2	63007
chr15	67441749	67441750	rs72743461	chr15	67442601	67443400	13_EnhA1	852
chr15	67441996	67441997	rs1866316	chr15	67442601	67443400	13_EnhA1	605
chr15	67442595	67442596	rs17293632	chr15	67442601	67443400	13_EnhA1	6
chr15	67443925	67443926	rs8024330	chr15	67442601	67443400	13_EnhA1	526
chr15	67448180	67448181	rs28434383	chr15	67442601	67443400	13_EnhA1	4781
chr15	67448362	67448363	rs56375023	chr15	67442601	67443400	13_EnhA1	4963
chr15	67448898	67448899	rs8032739	chr15	67442601	67443400	13_EnhA1	5499
chr15	67449659	67449660	rs2033784	chr15	67442601	67443400	13_EnhA1	6260
chr15	67450304	67450305	rs17228058	chr15	67442601	67443400	13_EnhA1	6905
chr15	67450892	67450893	rs7173698	chr15	67442601	67443400	13_EnhA1	7493
chr15	67451214	67451215	rs7174445	chr15	67442601	67443400	13_EnhA1	7815
chr15	67451409	67451410	rs72743467	chr15	67442601	67443400	13_EnhA1	8010
chr15	67452024	67452025	rs57062854	chr15	67442601	67443400	13_EnhA1	8625
chr15	67452987	67452988	rs9920190	chr15	67442601	67443400	13_EnhA1	9588
chr15	67453041	67453042	rs7164786	chr15	67442601	67443400	13_EnhA1	9642
chr15	67455629	67455630	rs56062135	chr15	67442601	67443400	13_EnhA1	12230
chr15	67458151	67458152	rs4562997	chr15	67469801	67470000	15_EnhAF	11650
chr15	67464012	67464013	rs16950687	chr15	67469801	67470000	15_EnhAF	5789
chr15	67464290	67464291	rs72743477	chr15	67469801	67470000	15_EnhAF	5511
chr15	67466598	67466599	rs72743482	chr15	67469801	67470000	15_EnhAF	3203
chr15	67466601	67466602	rs2278546	chr15	67469801	67470000	15_EnhAF	3200
chr15	67468284	67468285	rs17294280	chr15	67469801	67470000	15_EnhAF	1517
chr15	79219187	79219188	rs3784539	chr15	79223001	79223800	14_EnhA2	3814
chr15	79220585	79220586	rs4779112	chr15	79223001	79223800	14_EnhA2	2416
chr15	79222923	79222924	rs7496812	chr15	79223001	79223800	14_EnhA2	78
chr15	79223680	79223681	rs2289699	chr15	79223001	79223800	14_EnhA2	0
chr15	79229198	79229199	rs12592898	chr15	79229601	79230000	17_EnhW2	403
chr15	79229968	79229969	rs60254670	chr15	79229601	79230000	17_EnhW2	0
chr15	79230722	79230723	rs34359724	chr15	79229601	79230000	17_EnhW2	723
chr15	79231477	79231478	rs12148472	chr15	79229601	79230000	17_EnhW2	1478
chr15	79231517	79231518	rs11638844	chr15	79229601	79230000	17_EnhW2	1518
chr15	79231615	79231616	rs10400902	chr15	79229601	79230000	17_EnhW2	1616
chr15	79232318	79232319	rs11072815	chr15	79229601	79230000	17_EnhW2	2319
chr15	79232329	79232330	rs11856301	chr15	79229601	79230000	17_EnhW2	2330
chr15	79232699	79232700	rs28655102	chr15	79229601	79230000	17_EnhW2	2700
chr15	79232894	79232895	rs34263153	chr15	79229601	79230000	17_EnhW2	2895
chr15	79233224	79233225	rs10152587	chr15	79229601	79230000	17_EnhW2	3225
chr15	79233254	79233255	rs10152589	chr15	79229601	79230000	17_EnhW2	3255
chr15	79233625	79233626	rs4778716	chr15	79229601	79230000	17_EnhW2	3626
chr15	79234122	79234123	rs4254288	chr15	79229601	79230000	17_EnhW2	4123
chr15	79234267	79234268	rs2870085	chr15	79229601	79230000	17_EnhW2	4268
chr15	79234377	79234378	rs10400877	chr15	79229601	79230000	17_EnhW2	4378
chr15	79234383	79234384	rs10400881	chr15	79229601	79230000	17_EnhW2	4384
chr15	79234469	79234470	rs34843303	chr15	79229601	79230000	17_EnhW2	4470
chr15	79234556	79234557	rs78898539	chr15	79229601	79230000	17_EnhW2	4557
chr15	79234863	79234864	rs11855406	chr15	79229601	79230000	17_EnhW2	4864
chr15	79234956	79234957	rs34593439	chr15	79229601	79230000	17_EnhW2	4957
chr15	79235445	79235446	rs3825932	chr15	79229601	79230000	17_EnhW2	5446
chr15	79236814	79236815	rs11072817	chr15	79229601	79230000	17_EnhW2	6815
chr15	79236932	79236933	rs11072818	chr15	79229601	79230000	17_EnhW2	6933
chr15	79237179	79237180	rs1036937	chr15	79229601	79230000	17_EnhW2	7180
chr15	79237246	79237247	rs1036938	chr15	79229601	79230000	17_EnhW2	7247
chr15	79237292	79237293	rs2289702	chr15	79229601	79230000	17_EnhW2	7293
chr15	79237323	79237324	rs1036939	chr15	79229601	79230000	17_EnhW2	7324
chr15	79238008	79238009	rs12915232	chr15	79229601	79230000	17_EnhW2	8009
chr15	79238010	79238011	rs12913968	chr15	79229601	79230000	17_EnhW2	8011
chr15	79238405	79238406	rs4778724	chr15	79229601	79230000	17_EnhW2	8406
chr15	79238611	79238612	rs11424931	chr15	79229601	79230000	17_EnhW2	8612
chr15	79239718	79239719	rs1369324	chr15	79229601	79230000	17_EnhW2	9719
chr15	79245464	79245465	rs4779154	chr15	79229601	79230000	17_EnhW2	15465
chr15	79245890	79245891	rs4779156	chr15	79229601	79230000	17_EnhW2	15891
chr15	79249641	79249642	rs11632238	chr15	79229601	79230000	17_EnhW2	19642
chr15	79257277	79257278	rs3759858	chr15	79280401	79280600	15_EnhAF	23124
chr16	11085967	11085968	rs7403919	chr16	11085801	11087400	13_EnhA1	0
chr16	11092318	11092319	rs8062322	chr16	11087601	11087800	15_EnhAF	4519
chr16	11093178	11093179	rs9926367	chr16	11097801	11100200	13_EnhA1	4623
chr16	11095035	11095036	rs6498143	chr16	11097801	11100200	13_EnhA1	2766
chr16	11099706	11099707	rs7194305	chr16	11097801	11100200	13_EnhA1	0
chr16	11099967	11099968	rs17804470	chr16	11097801	11100200	13_EnhA1	0
chr16	11103159	11103160	rs9926615	chr16	11100801	11101200	15_EnhAF	1960
chr16	11104018	11104019	rs34752850	chr16	11100801	11101200	15_EnhAF	2819
chr16	11110222	11110223	rs111279202	chr16	11110401	11111400	17_EnhW2	179
chr16	11111346	11111347	rs9935174	chr16	11110401	11111400	17_EnhW2	0
chr16	11113462	11113463	rs3862471	chr16	11110401	11111400	17_EnhW2	2063
chr16	11114418	11114419	rs373927121	chr16	11110401	11111400	17_EnhW2	3019
chr16	11114511	11114512	rs2286974	chr16	11110401	11111400	17_EnhW2	3112
chr16	11114838	11114839	rs1985372	chr16	11110401	11111400	17_EnhW2	3439
chr16	11116270	11116271	rs1985869	chr16	11110401	11111400	17_EnhW2	4871
chr16	11118499	11118500	rs1861548	chr16	11110401	11111400	17_EnhW2	7100
chr16	11119485	11119486	rs8049882	chr16	11126201	11127600	17_EnhW2	6716
chr16	11119612	11119613	rs34830688	chr16	11126201	11127600	17_EnhW2	6589
chr16	11119652	11119653	rs8045749	chr16	11126201	11127600	17_EnhW2	6549
chr16	11121070	11121071	rs7197422	chr16	11126201	11127600	17_EnhW2	5131
chr16	11123788	11123789	rs2867168	chr16	11126201	11127600	17_EnhW2	2413
chr16	11126734	11126735	rs11859698	chr16	11126201	11127600	17_EnhW2	0
chr16	11131863	11131864	rs9923455	chr16	11128601	11129000	17_EnhW2	2864
chr16	11132632	11132633	rs720130	chr16	11128601	11129000	17_EnhW2	3633
chr16	11138811	11138812	rs8056098	chr16	11139401	11139600	17_EnhW2	590
chr16	11142719	11142720	rs3901386	chr16	11143401	11143800	17_EnhW2	682
chr16	11142880	11142881	rs5815611	chr16	11143401	11143800	17_EnhW2	521
chr16	11143128	11143129	rs1985872	chr16	11143401	11143800	17_EnhW2	273
chr16	11146766	11146767	rs148444157	chr16	11148201	11148400	17_EnhW2	1435
chr16	11150097	11150098	rs12924259	chr16	11149801	11151400	13_EnhA1	0
chr16	11154769	11154770	rs2286973	chr16	11152001	11152200	17_EnhW2	2570
chr16	11156011	11156012	rs57638766	chr16	11158601	11158800	17_EnhW2	2590
chr16	11158884	11158885	rs887864	chr16	11158601	11158800	17_EnhW2	85
chr16	11159684	11159685	rs741175	chr16	11158601	11158800	17_EnhW2	885
chr16	11159837	11159838	rs741174	chr16	11158601	11158800	17_EnhW2	1038
chr16	11159918	11159919	rs741173	chr16	11158601	11158800	17_EnhW2	1119
chr16	11164566	11164567	rs7200940	chr16	11166601	11168600	17_EnhW2	2035
chr16	11165016	11165017	rs11860603	chr16	11166601	11168600	17_EnhW2	1585
chr16	11165541	11165542	rs7184615	chr16	11166601	11168600	17_EnhW2	1060
chr16	11166001	11166002	rs9934969	chr16	11166601	11168600	17_EnhW2	600
chr16	11166687	11166688	rs11865121	chr16	11166601	11168600	17_EnhW2	0
chr16	11167457	11167458	rs7198621	chr16	11166601	11168600	17_EnhW2	0
chr16	11167602	11167603	rs7204643	chr16	11166601	11168600	17_EnhW2	0
chr16	11169682	11169683	rs725613	chr16	11170201	11171400	17_EnhW2	519
chr16	11171601	11171602	rs12925642	chr16	11171601	11172000	13_EnhA1	0
chr16	11172108	11172109	rs2058531	chr16	11172001	11172200	15_EnhAF	0
chr16	11174364	11174365	rs9652601	chr16	11172201	11174600	13_EnhA1	0
chr16	11174563	11174564	rs9652582	chr16	11172201	11174600	13_EnhA1	0
chr16	11174651	11174652	rs2041670	chr16	11174601	11174800	15_EnhAF	0
chr16	11177052	11177053	rs12923098	chr16	11177601	11177800	17_EnhW2	549
chr16	11177393	11177394	rs9931397	chr16	11177601	11177800	17_EnhW2	208
chr16	11177823	11177824	rs12708715	chr16	11177801	11178000	15_EnhAF	0
chr16	11178244	11178245	rs9929994	chr16	11178001	11178400	13_EnhA1	0
chr16	11179872	11179873	rs12708716	chr16	11179201	11179400	17_EnhW2	473
chr16	11180536	11180537	rs7192287	chr16	11179201	11179400	17_EnhW2	1137
chr16	11181243	11181244	rs9888908	chr16	11179201	11179400	17_EnhW2	1844
chr16	11181755	11181756	rs7204099	chr16	11183401	11184400	18_EnhAc	1646
chr16	11182133	11182134	rs7203793	chr16	11183401	11184400	18_EnhAc	1268
chr16	11182892	11182893	rs11642009	chr16	11183401	11184400	18_EnhAc	509
chr16	11183562	11183563	rs9888868	chr16	11183401	11184400	18_EnhAc	0
chr16	11183625	11183626	rs11861236	chr16	11183401	11184400	18_EnhAc	0
chr16	11185872	11185873	rs17805769	chr16	11183401	11184400	18_EnhAc	1473
chr16	11187782	11187783	rs12924729	chr16	11188001	11188600	17_EnhW2	219
chr16	11187861	11187862	rs12917656	chr16	11188001	11188600	17_EnhW2	140
chr16	11188929	11188930	rs12919083	chr16	11188001	11188600	17_EnhW2	330
chr16	11188948	11188949	rs71136618	chr16	11188001	11188600	17_EnhW2	349
chr16	11189147	11189148	rs12917716	chr16	11188001	11188600	17_EnhW2	548
chr16	11189887	11189888	rs12599402	chr16	11188001	11188600	17_EnhW2	1288
chr16	11190045	11190046	rs34361002	chr16	11188001	11188600	17_EnhW2	1446
chr16	11191399	11191400	rs12928537	chr16	11193401	11193600	15_EnhAF	2002
chr16	11191571	11191572	rs12928726	chr16	11193401	11193600	15_EnhAF	1830
chr16	11192378	11192379	rs12708717	chr16	11193401	11193600	15_EnhAF	1023
chr16	11192786	11192787	rs8061826	chr16	11193401	11193600	15_EnhAF	615
chr16	11192969	11192970	rs3974273	chr16	11193401	11193600	15_EnhAF	432
chr16	11193464	11193465	rs12922303	chr16	11193401	11193600	15_EnhAF	0
chr16	11193879	11193880	rs3893661	chr16	11193601	11194800	13_EnhA1	0
chr16	11193929	11193930	rs3893660	chr16	11193601	11194800	13_EnhA1	0
chr16	11194017	11194018	rs3862468	chr16	11193601	11194800	13_EnhA1	0
chr16	11194770	11194771	rs12927355	chr16	11193601	11194800	13_EnhA1	0
chr16	11196040	11196041	rs9941107	chr16	11195401	11196400	18_EnhAc	0
chr16	11197389	11197390	rs12924667	chr16	11196601	11196800	17_EnhW2	590
chr16	11198834	11198835	rs11642631	chr16	11198801	11199600	14_EnhA2	0
chr16	11199446	11199447	rs6498160	chr16	11198801	11199600	14_EnhA2	0
chr16	11199677	11199678	rs998592	chr16	11199601	11199800	15_EnhAF	0
chr16	11200797	11200798	rs741172	chr16	11201401	11202400	17_EnhW2	604
chr16	11201427	11201428	rs9933507	chr16	11201401	11202400	17_EnhW2	0
chr16	11202704	11202705	rs7193670	chr16	11201401	11202400	17_EnhW2	305
chr16	11202737	11202738	rs12923054	chr16	11201401	11202400	17_EnhW2	338
chr16	11203564	11203565	rs9926078	chr16	11204401	11204800	17_EnhW2	837
chr16	11203729	11203730	rs12103174	chr16	11204401	11204800	17_EnhW2	672
chr16	11204220	11204221	rs767448	chr16	11204401	11204800	17_EnhW2	181
chr16	11207616	11207617	rs7198004	chr16	11208801	11209600	17_EnhW2	1185
chr16	11207721	11207722	rs7203150	chr16	11208801	11209600	17_EnhW2	1080
chr16	11207893	11207894	rs9746695	chr16	11208801	11209600	17_EnhW2	908
chr16	11208321	11208322	rs12924985	chr16	11208801	11209600	17_EnhW2	480
chr16	11209738	11209739	rs9921287	chr16	11208801	11209600	17_EnhW2	139
chr16	11209763	11209764	rs9939397	chr16	11208801	11209600	17_EnhW2	164
chr16	11210446	11210447	rs12935413	chr16	11208801	11209600	17_EnhW2	847
chr16	11210830	11210831	rs7186106	chr16	11208801	11209600	17_EnhW2	1231
chr16	11210877	11210878	rs7186145	chr16	11208801	11209600	17_EnhW2	1278
chr16	11210923	11210924	rs7186295	chr16	11212201	11212400	16_EnhW1	1278
chr16	11212680	11212681	rs9927527	chr16	11212401	11212800	17_EnhW2	0
chr16	11219418	11219419	rs8064154	chr16	11222201	11222400	17_EnhW2	2783
chr16	11219719	11219720	rs12924112	chr16	11222201	11222400	17_EnhW2	2482
chr16	11228354	11228355	rs35732840	chr16	11228201	11229600	17_EnhW2	0
chr16	11231856	11231857	rs2867880	chr16	11232001	11232600	17_EnhW2	145
chr16	11238782	11238783	rs2903692	chr16	11238801	11239400	17_EnhW2	19
chr16	11238990	11238991	rs4322688	chr16	11238801	11239400	17_EnhW2	0
chr16	11239598	11239599	rs12930373	chr16	11238801	11239400	17_EnhW2	199
chr16	11239977	11239978	rs12917893	chr16	11238801	11239400	17_EnhW2	578
chr16	11240853	11240854	rs35294447	chr16	11238801	11239400	17_EnhW2	1454
chr16	11241805	11241806	rs62026379	chr16	11243001	11243200	17_EnhW2	1196
chr16	11241905	11241906	rs17673553	chr16	11243001	11243200	17_EnhW2	1096
chr16	11243454	11243455	rs34720006	chr16	11243001	11243200	17_EnhW2	255
chr16	11244193	11244194	rs11864680	chr16	11243001	11243200	17_EnhW2	994
chr16	11328248	11328249	rs6498177	chr16	11319201	11319600	16_EnhW1	8649
chr16	11342786	11342787	rs56365860	chr16	11345801	11346600	17_EnhW2	3015
chr16	11343119	11343120	rs80945	chr16	11345801	11346600	17_EnhW2	2682
chr16	11343546	11343547	rs181582	chr16	11345801	11346600	17_EnhW2	2255
chr16	11345698	11345699	rs149310	chr16	11345801	11346600	17_EnhW2	103
chr16	11350964	11350965	rs193779	chr16	11351201	11351400	16_EnhW1	237
chr16	11351210	11351211	rs193778	chr16	11351201	11351400	16_EnhW1	0
chr16	11355101	11355102	rs55870745	chr16	11353401	11353600	17_EnhW2	1502
chr16	11355103	11355104	rs56350515	chr16	11353401	11353600	17_EnhW2	1504
chr16	11355221	11355222	rs72771866	chr16	11353401	11353600	17_EnhW2	1622
chr16	11362639	11362640	rs56069754	chr16	11353401	11353600	17_EnhW2	9040
chr16	11368615	11368616	rs72771877	chr16	11353401	11353600	17_EnhW2	15016
chr16	11369427	11369428	rs4781055	chr16	11353401	11353600	17_EnhW2	15828
chr16	11370597	11370598	rs8060767	chr16	11353401	11353600	17_EnhW2	16998
chr16	11370828	11370829	rs4780356	chr16	11353401	11353600	17_EnhW2	17229
chr16	11370970	11370971	rs4780357	chr16	11353401	11353600	17_EnhW2	17371
chr16	11373300	11373301	rs7198849	chr16	11390801	11391200	16_EnhW1	17501
chr16	11374211	11374212	rs4780358	chr16	11390801	11391200	16_EnhW1	16590
chr16	11376921	11376922	rs7206749	chr16	11390801	11391200	16_EnhW1	13880
chr16	11377341	11377342	rs59850779	chr16	11390801	11391200	16_EnhW1	13460
chr16	11378074	11378075	rs55707838	chr16	11390801	11391200	16_EnhW1	12727
chr16	11378500	11378501	rs77554551	chr16	11390801	11391200	16_EnhW1	12301
chr16	11378906	11378907	rs56010295	chr16	11390801	11391200	16_EnhW1	11895
chr16	11381035	11381036	rs7193645	chr16	11390801	11391200	16_EnhW1	9766
chr16	11387574	11387575	rs441021	chr16	11390801	11391200	16_EnhW1	3227
chr16	11388832	11388833	rs66555362	chr16	11390801	11391200	16_EnhW1	1969
chr16	11389047	11389048	rs17233387	chr16	11390801	11391200	16_EnhW1	1754
chr16	11389773	11389774	rs7202814	chr16	11390801	11391200	16_EnhW1	1028
chr16	11395468	11395469	rs369912016	chr16	11391601	11392000	16_EnhW1	3469
chr16	11396839	11396840	rs8048768	chr16	11391601	11392000	16_EnhW1	4840
chr16	11397078	11397079	rs11074958	chr16	11391601	11392000	16_EnhW1	5079
chr16	11402398	11402399	rs13330151	chr16	11405801	11406000	15_EnhAF	3403
chr16	11407235	11407236	rs8056282	chr16	11406401	11407200	16_EnhW1	36
chr16	11411497	11411498	rs56253880	chr16	11406401	11407200	16_EnhW1	4298
chr16	11412447	11412448	rs72773825	chr16	11406401	11407200	16_EnhW1	5248
chr16	11412515	11412516	rs72773827	chr16	11406401	11407200	16_EnhW1	5316
chr16	11412622	11412623	rs72773829	chr16	11406401	11407200	16_EnhW1	5423
chr16	11412822	11412823	rs72773830	chr16	11406401	11407200	16_EnhW1	5623
chr16	11412926	11412927	rs72773831	chr16	11406401	11407200	16_EnhW1	5727
chr16	11413122	11413123	rs72773832	chr16	11406401	11407200	16_EnhW1	5923
chr16	11413273	11413274	rs72773833	chr16	11406401	11407200	16_EnhW1	6074
chr16	11413292	11413293	rs72773834	chr16	11406401	11407200	16_EnhW1	6093
chr16	11413588	11413589	rs17605444	chr16	11406401	11407200	16_EnhW1	6389
chr16	11414065	11414066	rs12934968	chr16	11420001	11420200	16_EnhW1	5936
chr16	11414159	11414160	rs4315353	chr16	11420001	11420200	16_EnhW1	5842
chr16	11414195	11414196	rs4356497	chr16	11420001	11420200	16_EnhW1	5806
chr16	11415594	11415595	rs56136462	chr16	11420001	11420200	16_EnhW1	4407
chr16	11415638	11415639	rs3931015	chr16	11420001	11420200	16_EnhW1	4363
chr16	11415890	11415891	rs4780363	chr16	11420001	11420200	16_EnhW1	4111
chr16	11416678	11416679	rs9937269	chr16	11420001	11420200	16_EnhW1	3323
chr16	11416838	11416839	rs9921338	chr16	11420001	11420200	16_EnhW1	3163
chr16	11420338	11420339	rs9302459	chr16	11420001	11420200	16_EnhW1	139
chr16	11422835	11422836	rs4390613	chr16	11422001	11422600	14_EnhA2	236
chr16	11425010	11425011	rs7199821	chr16	11423401	11423600	17_EnhW2	1411
chr16	11426398	11426399	rs77552156	chr16	11423401	11423600	17_EnhW2	2799
chr16	11426956	11426957	rs8043692	chr16	11423401	11423600	17_EnhW2	3357
chr16	11427192	11427193	rs6498181	chr16	11423401	11423600	17_EnhW2	3593
chr16	11427747	11427748	rs7186455	chr16	11423401	11423600	17_EnhW2	4148
chr16	11428761	11428762	rs4781069	chr16	11423401	11423600	17_EnhW2	5162
chr16	11430907	11430908	rs6498183	chr16	11423401	11423600	17_EnhW2	7308
chr16	11431410	11431411	rs111649882	chr16	11423401	11423600	17_EnhW2	7811
chr16	11431918	11431919	rs7187870	chr16	11423401	11423600	17_EnhW2	8319
chr16	11436881	11436882	rs8049173	chr16	11443001	11443200	17_EnhW2	6120
chr16	11436882	11436883	rs8055427	chr16	11443001	11443200	17_EnhW2	6119
chr16	11437274	11437275	rs9926136	chr16	11443001	11443200	17_EnhW2	5727
chr16	11437315	11437316	rs9936093	chr16	11443001	11443200	17_EnhW2	5686
chr16	11437582	11437583	rs9935665	chr16	11443001	11443200	17_EnhW2	5419
chr16	11437968	11437969	rs28464784	chr16	11443001	11443200	17_EnhW2	5033
chr16	11438220	11438221	rs9936328	chr16	11443001	11443200	17_EnhW2	4781
chr16	11439495	11439496	rs11545336	chr16	11443001	11443200	17_EnhW2	3506
chr16	11440403	11440404	rs7200667	chr16	11443001	11443200	17_EnhW2	2598
chr16	11440757	11440758	rs7202024	chr16	11443001	11443200	17_EnhW2	2244
chr16	11440860	11440861	rs7206017	chr16	11443001	11443200	17_EnhW2	2141
chr16	11442027	11442028	rs7195536	chr16	11443001	11443200	17_EnhW2	974
chr16	11442195	11442196	rs7189044	chr16	11443001	11443200	17_EnhW2	806
chr16	11442278	11442279	rs7191093	chr16	11443001	11443200	17_EnhW2	723
chr16	11442996	11442997	rs57579443	chr16	11443001	11443200	17_EnhW2	5
chr16	11444424	11444425	rs28627609	chr16	11443401	11444400	13_EnhA1	25
chr16	11444571	11444572	rs7204628	chr16	11443401	11444400	13_EnhA1	172
chr16	11444725	11444726	rs6498185	chr16	11443401	11444400	13_EnhA1	326
chr16	11445595	11445596	rs7626	chr16	11445401	11445600	16_EnhW1	0
chr16	11445830	11445831	rs7193278	chr16	11445401	11445600	16_EnhW1	231
chr16	28338038	28338039	rs2726033	chr16	28289001	28289200	16_EnhW1	48839
chr16	28338042	28338043	rs2726032	chr16	28289001	28289200	16_EnhW1	48843
chr16	28340784	28340785	rs9922412	chr16	28289001	28289200	16_EnhW1	51585
chr16	28340944	28340945	rs12598357	chr16	28289001	28289200	16_EnhW1	51745
chr16	28341630	28341631	rs3986619	chr16	28289001	28289200	16_EnhW1	52431
chr16	28344331	28344332	rs202005381	chr16	28289001	28289200	16_EnhW1	55132
chr16	28344854	28344855	rs75329133	chr16	28289001	28289200	16_EnhW1	55655
chr16	28347139	28347140	rs2726036	chr16	28289001	28289200	16_EnhW1	57940
chr16	28347706	28347707	rs13333976	chr16	28289001	28289200	16_EnhW1	58507
chr16	28348343	28348344	rs2466826	chr16	28289001	28289200	16_EnhW1	59144
chr16	28349236	28349237	rs7206728	chr16	28289001	28289200	16_EnhW1	60037
chr16	28350058	28350059	rs3986805	chr16	28289001	28289200	16_EnhW1	60859
chr16	28372910	28372911	rs202210003	chr16	28289001	28289200	16_EnhW1	83711
chr16	28373723	28373724	rs151051719	chr16	28289001	28289200	16_EnhW1	84524
chr16	28373949	28373950	rs368230787	chr16	28289001	28289200	16_EnhW1	84750
chr16	28374160	28374161	rs201918842	chr16	28289001	28289200	16_EnhW1	84961
chr16	28379442	28379443	rs865719	chr16	28289001	28289200	16_EnhW1	90243
chr16	28383025	28383026	rs199963659	chr16	28289001	28289200	16_EnhW1	93826
chr16	28383242	28383243	rs147881598	chr16	28289001	28289200	16_EnhW1	94043
chr16	28384413	28384414	rs149974000	chr16	28289001	28289200	16_EnhW1	95214
chr16	28388506	28388507	rs2521331	chr16	28289001	28289200	16_EnhW1	99307
chr16	28388743	28388744	rs2650495	chr16	28289001	28289200	16_EnhW1	99544
chr16	28389172	28389173	rs140024366	chr16	28289001	28289200	16_EnhW1	99973
chr16	28417487	28417488	rs200865887	chr16	28543401	28543600	15_EnhAF	125914
chr16	28425153	28425154	rs371723244	chr16	28543401	28543600	15_EnhAF	118248
chr16	28483060	28483061	rs151178	chr16	28543401	28543600	15_EnhAF	60341
chr16	28485140	28485141	rs149299	chr16	28543401	28543600	15_EnhAF	58261
chr16	28487055	28487056	rs151179	chr16	28543401	28543600	15_EnhAF	56346
chr16	28487212	28487213	rs151180	chr16	28543401	28543600	15_EnhAF	56189
chr16	28488368	28488369	rs181195	chr16	28543401	28543600	15_EnhAF	55033
chr16	28489345	28489346	rs34839	chr16	28543401	28543600	15_EnhAF	54056
chr16	28490516	28490517	rs151181	chr16	28543401	28543600	15_EnhAF	52885
chr16	28491544	28491545	rs139457431	chr16	28543401	28543600	15_EnhAF	51857
chr16	28492509	28492510	rs151303	chr16	28543401	28543600	15_EnhAF	50892
chr16	28494349	28494350	rs34838	chr16	28543401	28543600	15_EnhAF	49052
chr16	28494420	28494421	rs42861	chr16	28543401	28543600	15_EnhAF	48981
chr16	28494822	28494823	rs34836	chr16	28543401	28543600	15_EnhAF	48579
chr16	28495751	28495752	rs151182	chr16	28543401	28543600	15_EnhAF	47650
chr16	28497058	28497059	rs151301	chr16	28543401	28543600	15_EnhAF	46343
chr16	28499290	28499291	rs34835	chr16	28543401	28543600	15_EnhAF	44111
chr16	28499658	28499659	rs149301	chr16	28543401	28543600	15_EnhAF	43743
chr16	28501799	28501800	rs35681318	chr16	28543401	28543600	15_EnhAF	41602
chr16	28502423	28502424	rs146701896	chr16	28543401	28543600	15_EnhAF	40978
chr16	28504180	28504181	rs27741	chr16	28543401	28543600	15_EnhAF	39221
chr16	28505659	28505660	rs151234	chr16	28543401	28543600	15_EnhAF	37742
chr16	28506427	28506428	rs151233	chr16	28543401	28543600	15_EnhAF	36974
chr16	28506871	28506872	rs149271	chr16	28543401	28543600	15_EnhAF	36530
chr16	28507643	28507644	rs180743	chr16	28543401	28543600	15_EnhAF	35758
chr16	28508047	28508048	rs180744	chr16	28543401	28543600	15_EnhAF	35354
chr16	28508068	28508069	rs151174	chr16	28543401	28543600	15_EnhAF	35333
chr16	28508446	28508447	rs40831	chr16	28543401	28543600	15_EnhAF	34955
chr16	28510392	28510393	rs40834	chr16	28543401	28543600	15_EnhAF	33009
chr16	28510536	28510537	rs40836	chr16	28543401	28543600	15_EnhAF	32865
chr16	28510844	28510845	rs40837	chr16	28543401	28543600	15_EnhAF	32557
chr16	28512370	28512371	rs181203	chr16	28543401	28543600	15_EnhAF	31031
chr16	28512523	28512524	rs181204	chr16	28543401	28543600	15_EnhAF	30878
chr16	28512883	28512884	rs114558014	chr16	28543401	28543600	15_EnhAF	30518
chr16	28513072	28513073	rs72095123	chr16	28543401	28543600	15_EnhAF	30329
chr16	28513128	28513129	rs181205	chr16	28543401	28543600	15_EnhAF	30273
chr16	28513402	28513403	rs181206	chr16	28543401	28543600	15_EnhAF	29999
chr16	28513529	28513530	rs181207	chr16	28543401	28543600	15_EnhAF	29872
chr16	28514853	28514854	rs181209	chr16	28543401	28543600	15_EnhAF	28548
chr16	28515922	28515923	rs113113152	chr16	28543401	28543600	15_EnhAF	27479
chr16	28516674	28516675	rs5816473	chr16	28543401	28543600	15_EnhAF	26727
chr16	28517708	28517709	rs26528	chr16	28543401	28543600	15_EnhAF	25693
chr16	28519095	28519096	rs153109	chr16	28543401	28543600	15_EnhAF	24306
chr16	28520335	28520336	rs111857492	chr16	28543401	28543600	15_EnhAF	23066
chr16	28520575	28520576	rs240708	chr16	28543401	28543600	15_EnhAF	22826
chr16	28523143	28523144	rs56354901	chr16	28543401	28543600	15_EnhAF	20258
chr16	28524611	28524612	rs240707	chr16	28543401	28543600	15_EnhAF	18790
chr16	28526389	28526390	rs67085259	chr16	28543401	28543600	15_EnhAF	17012
chr16	28526896	28526897	rs153106	chr16	28543401	28543600	15_EnhAF	16505
chr16	28527220	28527221	rs62034318	chr16	28543401	28543600	15_EnhAF	16181
chr16	28527325	28527326	rs79046494	chr16	28543401	28543600	15_EnhAF	16076
chr16	28528780	28528781	rs28449958	chr16	28543401	28543600	15_EnhAF	14621
chr16	28529473	28529474	rs201639483	chr16	28543401	28543600	15_EnhAF	13928
chr16	28529715	28529716	rs240705	chr16	28543401	28543600	15_EnhAF	13686
chr16	28529948	28529949	rs240704	chr16	28543401	28543600	15_EnhAF	13453
chr16	28530724	28530725	rs113623515	chr16	28543401	28543600	15_EnhAF	12677
chr16	28531286	28531287	rs4787458	chr16	28543401	28543600	15_EnhAF	12115
chr16	28531352	28531353	rs240702	chr16	28543401	28543600	15_EnhAF	12049
chr16	28532187	28532188	rs62034319	chr16	28543401	28543600	15_EnhAF	11214
chr16	28533070	28533071	rs28698667	chr16	28543401	28543600	15_EnhAF	10331
chr16	28534037	28534038	rs62034321	chr16	28543401	28543600	15_EnhAF	9364
chr16	28535002	28535003	rs4788085	chr16	28543401	28543600	15_EnhAF	8399
chr16	28535304	28535305	rs28772958	chr16	28543401	28543600	15_EnhAF	8097
chr16	28535833	28535834	rs62034322	chr16	28543401	28543600	15_EnhAF	7568
chr16	28536472	28536473	rs62034323	chr16	28543401	28543600	15_EnhAF	6929
chr16	28536761	28536762	rs62034324	chr16	28543401	28543600	15_EnhAF	6640
chr16	28537970	28537971	rs2106480	chr16	28543401	28543600	15_EnhAF	5431
chr16	28538335	28538336	rs231972	chr16	28543401	28543600	15_EnhAF	5066
chr16	28538639	28538640	rs62034325	chr16	28543401	28543600	15_EnhAF	4762
chr16	28539292	28539293	rs62034326	chr16	28543401	28543600	15_EnhAF	4109
chr16	28539385	28539386	rs189278832	chr16	28543401	28543600	15_EnhAF	4016
chr16	28539402	28539403	rs143626010	chr16	28543401	28543600	15_EnhAF	3999
chr16	28539847	28539848	rs4788084	chr16	28543401	28543600	15_EnhAF	3554
chr16	28540321	28540322	rs231974	chr16	28543401	28543600	15_EnhAF	3080
chr16	28541393	28541394	rs8046271	chr16	28543401	28543600	15_EnhAF	2008
chr16	28541424	28541425	rs144388138	chr16	28543401	28543600	15_EnhAF	1977
chr16	28542171	28542172	rs231977	chr16	28543401	28543600	15_EnhAF	1230
chr16	28543380	28543381	rs12446550	chr16	28543401	28543600	15_EnhAF	21
chr16	28545448	28545449	rs4788083	chr16	28545401	28545600	17_EnhW2	0
chr16	28545586	28545587	rs231976	chr16	28545401	28545600	17_EnhW2	0
chr16	28547250	28547251	rs231975	chr16	28546601	28547200	17_EnhW2	51
chr16	28549507	28549508	rs151227	chr16	28550801	28551000	14_EnhA2	1294
chr16	28550666	28550667	rs3785354	chr16	28550801	28551000	14_EnhA2	135
chr16	28551890	28551891	rs142724574	chr16	28551001	28551200	17_EnhW2	691
chr16	28553039	28553040	rs145973437	chr16	28551001	28551200	17_EnhW2	1840
chr16	28553801	28553802	rs151225	chr16	28551001	28551200	17_EnhW2	2602
chr16	28554107	28554108	rs1074631	chr16	28551001	28551200	17_EnhW2	2908
chr16	28555399	28555400	rs4787457	chr16	28551001	28551200	17_EnhW2	4200
chr16	28555705	28555706	rs9926245	chr16	28551001	28551200	17_EnhW2	4506
chr16	28556146	28556147	rs4788081	chr16	28551001	28551200	17_EnhW2	4947
chr16	28556565	28556566	rs201107789	chr16	28551001	28551200	17_EnhW2	5366
chr16	28558080	28558081	rs4788080	chr16	28551001	28551200	17_EnhW2	6881
chr16	28558288	28558289	rs7202948	chr16	28551001	28551200	17_EnhW2	7089
chr16	28559362	28559363	rs4788079	chr16	28551001	28551200	17_EnhW2	8163
chr16	28559572	28559573	rs4787456	chr16	28551001	28551200	17_EnhW2	8373
chr16	28559980	28559981	rs4788078	chr16	28551001	28551200	17_EnhW2	8781
chr16	28561784	28561785	rs112366001	chr16	28551001	28551200	17_EnhW2	10585
chr16	28561981	28561982	rs13331170	chr16	28551001	28551200	17_EnhW2	10782
chr16	28562255	28562256	rs62034350	chr16	28551001	28551200	17_EnhW2	11056
chr16	28565488	28565489	rs62034351	chr16	28551001	28551200	17_EnhW2	14289
chr16	28565666	28565667	rs7191618	chr16	28551001	28551200	17_EnhW2	14467
chr16	28565952	28565953	rs7187604	chr16	28551001	28551200	17_EnhW2	14753
chr16	28566157	28566158	rs3859172	chr16	28551001	28551200	17_EnhW2	14958
chr16	28567003	28567004	rs231970	chr16	28551001	28551200	17_EnhW2	15804
chr16	28568677	28568678	rs151320	chr16	28551001	28551200	17_EnhW2	17478
chr16	28569763	28569764	rs4788077	chr16	28551001	28551200	17_EnhW2	18564
chr16	28570004	28570005	rs4788076	chr16	28551001	28551200	17_EnhW2	18805
chr16	28573962	28573963	rs508022	chr16	28551001	28551200	17_EnhW2	22763
chr16	28576075	28576076	rs373017817	chr16	28551001	28551200	17_EnhW2	24876
chr16	28576107	28576108	rs370183727	chr16	28551001	28551200	17_EnhW2	24908
chr16	28576368	28576369	rs554206	chr16	28551001	28551200	17_EnhW2	25169
chr16	28579837	28579838	rs143139252	chr16	28551001	28551200	17_EnhW2	28638
chr16	28580684	28580685	rs56272201	chr16	28551001	28551200	17_EnhW2	29485
chr16	28580828	28580829	rs56396270	chr16	28551001	28551200	17_EnhW2	29629
chr16	28581037	28581038	rs62034355	chr16	28551001	28551200	17_EnhW2	29838
chr16	28582940	28582941	rs12447461	chr16	28551001	28551200	17_EnhW2	31741
chr16	28583214	28583215	rs151230	chr16	28551001	28551200	17_EnhW2	32015
chr16	28583361	28583362	rs112191041	chr16	28551001	28551200	17_EnhW2	32162
chr16	28583609	28583610	rs111693583	chr16	28551001	28551200	17_EnhW2	32410
chr16	28583864	28583865	rs11074911	chr16	28551001	28551200	17_EnhW2	32665
chr16	28584936	28584937	rs151229	chr16	28551001	28551200	17_EnhW2	33737
chr16	28585635	28585636	rs56209193	chr16	28551001	28551200	17_EnhW2	34436
chr16	28586126	28586127	rs7193402	chr16	28551001	28551200	17_EnhW2	34927
chr16	28587388	28587389	rs7186573	chr16	28621401	28621600	16_EnhW1	34013
chr16	28587596	28587597	rs62034358	chr16	28621401	28621600	16_EnhW1	33805
chr16	28588048	28588049	rs12445823	chr16	28621401	28621600	16_EnhW1	33353
chr16	28588394	28588395	rs12445744	chr16	28621401	28621600	16_EnhW1	33007
chr16	28588442	28588443	rs12448429	chr16	28621401	28621600	16_EnhW1	32959
chr16	28589454	28589455	rs4787455	chr16	28621401	28621600	16_EnhW1	31947
chr16	28589718	28589719	rs11641853	chr16	28621401	28621600	16_EnhW1	31683
chr16	28590029	28590030	rs7190771	chr16	28621401	28621600	16_EnhW1	31372
chr16	28590861	28590862	rs112047757	chr16	28621401	28621600	16_EnhW1	30540
chr16	28590988	28590989	rs112831778	chr16	28621401	28621600	16_EnhW1	30413
chr16	28593346	28593347	rs17707300	chr16	28621401	28621600	16_EnhW1	28055
chr16	28593596	28593597	rs4788074	chr16	28621401	28621600	16_EnhW1	27805
chr16	28594548	28594549	rs4788073	chr16	28621401	28621600	16_EnhW1	26853
chr16	28595699	28595700	rs17640009	chr16	28621401	28621600	16_EnhW1	25702
chr16	28595809	28595810	rs75539558	chr16	28621401	28621600	16_EnhW1	25592
chr16	28596883	28596884	rs10521145	chr16	28621401	28621600	16_EnhW1	24518
chr16	28599410	28599411	rs55792032	chr16	28621401	28621600	16_EnhW1	21991
chr16	28600090	28600091	rs62034359	chr16	28621401	28621600	16_EnhW1	21311
chr16	28600203	28600204	rs112479807	chr16	28621401	28621600	16_EnhW1	21198
chr16	28601185	28601186	rs11644791	chr16	28621401	28621600	16_EnhW1	20216
chr16	28603011	28603012	rs3194168	chr16	28621401	28621600	16_EnhW1	18390
chr16	28603167	28603168	rs2077031	chr16	28621401	28621600	16_EnhW1	18234
chr16	28603334	28603335	rs762634	chr16	28621401	28621600	16_EnhW1	18067
chr16	28603341	28603342	rs710410	chr16	28621401	28621600	16_EnhW1	18060
chr16	28603654	28603655	rs1059491	chr16	28621401	28621600	16_EnhW1	17747
chr16	28605914	28605915	rs62031560	chr16	28621401	28621600	16_EnhW1	15487
chr16	28606159	28606160	rs113208333	chr16	28621401	28621600	16_EnhW1	15242
chr16	28606172	28606173	rs11647881	chr16	28621401	28621600	16_EnhW1	15229
chr16	28607069	28607070	rs4149406	chr16	28621401	28621600	16_EnhW1	14332
chr16	28607195	28607196	rs10797300	chr16	28621401	28621600	16_EnhW1	14206
chr16	28607227	28607228	rs1690407	chr16	28621401	28621600	16_EnhW1	14174
chr16	28607231	28607232	rs1136703	chr16	28621401	28621600	16_EnhW1	14170
chr16	28607531	28607532	rs4115668	chr16	28621401	28621600	16_EnhW1	13870
chr16	28608229	28608230	rs743590	chr16	28621401	28621600	16_EnhW1	13172
chr16	28608340	28608341	rs762633	chr16	28621401	28621600	16_EnhW1	13061
chr16	28608355	28608356	rs11074908	chr16	28621401	28621600	16_EnhW1	13046
chr16	28608745	28608746	rs35175818	chr16	28621401	28621600	16_EnhW1	12656
chr16	28608937	28608938	rs4149398	chr16	28621401	28621600	16_EnhW1	12464
chr16	28609328	28609329	rs62031562	chr16	28621401	28621600	16_EnhW1	12073
chr16	28613964	28613965	rs11074907	chr16	28621401	28621600	16_EnhW1	7437
chr16	28614487	28614488	rs7192601	chr16	28621401	28621600	16_EnhW1	6914
chr16	28614733	28614734	rs7191548	chr16	28621401	28621600	16_EnhW1	6668
chr16	28616258	28616259	rs6498091	chr16	28621401	28621600	16_EnhW1	5143
chr16	28616398	28616399	rs4788070	chr16	28621401	28621600	16_EnhW1	5003
chr16	28616664	28616665	rs4788069	chr16	28621401	28621600	16_EnhW1	4737
chr16	28616722	28616723	rs4788068	chr16	28621401	28621600	16_EnhW1	4679
chr16	28617056	28617057	rs1042157	chr16	28621401	28621600	16_EnhW1	4345
chr16	28617127	28617128	rs6839	chr16	28621401	28621600	16_EnhW1	4274
chr16	28617307	28617308	rs41278164	chr16	28621401	28621600	16_EnhW1	4094
chr16	28617360	28617361	rs41278162	chr16	28621401	28621600	16_EnhW1	4041
chr16	28617573	28617574	rs4149394	chr16	28621401	28621600	16_EnhW1	3828
chr16	28617594	28617595	rs4149393	chr16	28621401	28621600	16_EnhW1	3807
chr16	28617793	28617794	rs79533802	chr16	28621401	28621600	16_EnhW1	3608
chr16	28617794	28617795	rs79039694	chr16	28621401	28621600	16_EnhW1	3607
chr16	28617812	28617813	rs4149392	chr16	28621401	28621600	16_EnhW1	3589
chr16	28617884	28617885	rs75301646	chr16	28621401	28621600	16_EnhW1	3517
chr16	28617887	28617888	rs74459546	chr16	28621401	28621600	16_EnhW1	3514
chr16	28617889	28617890	rs116840534	chr16	28621401	28621600	16_EnhW1	3512
chr16	28617930	28617931	rs143299878	chr16	28621401	28621600	16_EnhW1	3471
chr16	28617933	28617934	rs111384198	chr16	28621401	28621600	16_EnhW1	3468
chr16	28617970	28617971	rs4149391	chr16	28621401	28621600	16_EnhW1	3431
chr16	28617973	28617974	rs4149390	chr16	28621401	28621600	16_EnhW1	3428
chr16	28617992	28617993	rs41278158	chr16	28621401	28621600	16_EnhW1	3409
chr16	28618010	28618011	rs4149389	chr16	28621401	28621600	16_EnhW1	3391
chr16	28618017	28618018	rs34954534	chr16	28621401	28621600	16_EnhW1	3384
chr16	28618046	28618047	rs4149388	chr16	28621401	28621600	16_EnhW1	3355
chr16	28618064	28618065	rs3020806	chr16	28621401	28621600	16_EnhW1	3337
chr16	28618067	28618068	rs74752114	chr16	28621401	28621600	16_EnhW1	3334
chr16	28618070	28618071	rs3020805	chr16	28621401	28621600	16_EnhW1	3331
chr16	28618236	28618237	rs9282862	chr16	28621401	28621600	16_EnhW1	3165
chr16	28618445	28618446	rs2925623	chr16	28621401	28621600	16_EnhW1	2956
chr16	28618544	28618545	rs2925624	chr16	28621401	28621600	16_EnhW1	2857
chr16	28618635	28618636	rs3020804	chr16	28621401	28621600	16_EnhW1	2766
chr16	28618913	28618914	rs3020803	chr16	28621401	28621600	16_EnhW1	2488
chr16	28618932	28618933	rs2925628	chr16	28621401	28621600	16_EnhW1	2469
chr16	28618970	28618971	rs375054850	chr16	28621401	28621600	16_EnhW1	2431
chr16	28619002	28619003	rs4788064	chr16	28621401	28621600	16_EnhW1	2399
chr16	28619075	28619076	rs2925629	chr16	28621401	28621600	16_EnhW1	2326
chr16	28619131	28619132	rs2925630	chr16	28621401	28621600	16_EnhW1	2270
chr16	28619177	28619178	rs56169261	chr16	28621401	28621600	16_EnhW1	2224
chr16	28619178	28619179	rs56091264	chr16	28621401	28621600	16_EnhW1	2223
chr16	28619179	28619180	rs56305122	chr16	28621401	28621600	16_EnhW1	2222
chr16	28619910	28619911	rs1126447	chr16	28621401	28621600	16_EnhW1	1491
chr16	28619919	28619920	rs1126446	chr16	28621401	28621600	16_EnhW1	1482
chr16	28620310	28620311	rs1690405	chr16	28621401	28621600	16_EnhW1	1091
chr16	28622992	28622993	rs8050972	chr16	28621601	28621800	17_EnhW2	1193
chr16	28623260	28623261	rs201472823	chr16	28621601	28621800	17_EnhW2	1461
chr16	28626740	28626741	rs111292564	chr16	28621601	28621800	17_EnhW2	4941
chr16	28626965	28626966	rs28729187	chr16	28621601	28621800	17_EnhW2	5166
chr16	28627003	28627004	rs28480369	chr16	28621601	28621800	17_EnhW2	5204
chr16	28627062	28627063	rs28676837	chr16	28621601	28621800	17_EnhW2	5263
chr16	28628334	28628335	rs11339073	chr16	28621601	28621800	17_EnhW2	6535
chr16	28629299	28629300	rs6498089	chr16	28621601	28621800	17_EnhW2	7500
chr16	28629377	28629378	rs11357624	chr16	28621601	28621800	17_EnhW2	7578
chr16	28629683	28629684	rs10536099	chr16	28621601	28621800	17_EnhW2	7884
chr16	28631060	28631061	rs200705867	chr16	28621601	28621800	17_EnhW2	9261
chr16	28631359	28631360	rs28410083	chr16	28621601	28621800	17_EnhW2	9560
chr16	28631529	28631530	rs62031607	chr16	28621601	28621800	17_EnhW2	9730
chr16	28631584	28631585	rs1968752	chr16	28621601	28621800	17_EnhW2	9785
chr16	28631758	28631759	rs1968751	chr16	28621601	28621800	17_EnhW2	9959
chr16	28632020	28632021	rs2411453	chr16	28621601	28621800	17_EnhW2	10221
chr16	28632287	28632288	rs8049739	chr16	28621601	28621800	17_EnhW2	10488
chr16	28639046	28639047	rs3927084	chr16	28647201	28647400	17_EnhW2	8155
chr16	28641178	28641179	rs4788062	chr16	28647201	28647400	17_EnhW2	6023
chr16	28649650	28649651	rs35626515	chr16	28647401	28648000	16_EnhW1	1651
chr16	28649786	28649787	rs35184893	chr16	28647401	28648000	16_EnhW1	1787
chr16	28653522	28653523	rs2411440	chr16	28647401	28648000	16_EnhW1	5523
chr16	28702942	28702943	rs202014106	chr16	28647401	28648000	16_EnhW1	54943
chr16	28704522	28704523	rs371092802	chr16	28647401	28648000	16_EnhW1	56523
chr16	28753190	28753191	rs371166583	chr16	28814801	28815000	18_EnhAc	61611
chr16	28753511	28753512	rs201938717	chr16	28814801	28815000	18_EnhAc	61290
chr16	28754486	28754487	rs138592330	chr16	28814801	28815000	18_EnhAc	60315
chr16	28754683	28754684	rs378421	chr16	28814801	28815000	18_EnhAc	60118
chr16	28754719	28754720	rs115201991	chr16	28814801	28815000	18_EnhAc	60082
chr16	28817786	28817787	rs199943670	chr16	28814801	28815000	18_EnhAc	2787
chr16	28818036	28818037	rs437564	chr16	28814801	28815000	18_EnhAc	3037
chr16	28823047	28823048	rs200928817	chr16	28814801	28815000	18_EnhAc	8048
chr16	28823096	28823097	rs62036613	chr16	28814801	28815000	18_EnhAc	8097
chr16	28823643	28823644	rs373417947	chr16	28814801	28815000	18_EnhAc	8644
chr16	28824684	28824685	rs62036614	chr16	28814801	28815000	18_EnhAc	9685
chr16	28825099	28825100	rs113029997	chr16	28814801	28815000	18_EnhAc	10100
chr16	28825419	28825420	rs11860513	chr16	28814801	28815000	18_EnhAc	10420
chr16	28825604	28825605	rs2008514	chr16	28814801	28815000	18_EnhAc	10605
chr16	28825776	28825777	rs1987472	chr16	28814801	28815000	18_EnhAc	10777
chr16	28825865	28825866	rs1987471	chr16	28814801	28815000	18_EnhAc	10866
chr16	28825952	28825953	rs56186137	chr16	28814801	28815000	18_EnhAc	10953
chr16	28826306	28826307	rs62036616	chr16	28814801	28815000	18_EnhAc	11307
chr16	28827497	28827498	rs62036617	chr16	28814801	28815000	18_EnhAc	12498
chr16	28828654	28828655	rs142395323	chr16	28814801	28815000	18_EnhAc	13655
chr16	28828833	28828834	rs62036618	chr16	28814801	28815000	18_EnhAc	13834
chr16	28829116	28829117	rs187668816	chr16	28814801	28815000	18_EnhAc	14117
chr16	28831358	28831359	rs4788095	chr16	28814801	28815000	18_EnhAc	16359
chr16	28832381	28832382	rs72793809	chr16	28814801	28815000	18_EnhAc	17382
chr16	28833096	28833097	rs62036620	chr16	28814801	28815000	18_EnhAc	18097
chr16	28833241	28833242	rs200618724	chr16	28814801	28815000	18_EnhAc	18242
chr16	28833298	28833299	rs62036621	chr16	28814801	28815000	18_EnhAc	18299
chr16	28834255	28834256	rs201131521	chr16	28814801	28815000	18_EnhAc	19256
chr16	28836204	28836205	rs4451951	chr16	28814801	28815000	18_EnhAc	21205
chr16	28837202	28837203	rs62036622	chr16	28814801	28815000	18_EnhAc	22203
chr16	28837514	28837515	rs8049439	chr16	28814801	28815000	18_EnhAc	22515
chr16	28837905	28837906	rs8062405	chr16	28814801	28815000	18_EnhAc	22906
chr16	28839391	28839392	rs72793811	chr16	28814801	28815000	18_EnhAc	24392
chr16	28839424	28839425	rs78613234	chr16	28814801	28815000	18_EnhAc	24425
chr16	28839734	28839735	rs62036623	chr16	28814801	28815000	18_EnhAc	24735
chr16	28839929	28839930	rs62036624	chr16	28814801	28815000	18_EnhAc	24930
chr16	28840380	28840381	rs72793812	chr16	28814801	28815000	18_EnhAc	25381
chr16	28841776	28841777	rs12443881	chr16	28814801	28815000	18_EnhAc	26777
chr16	28842590	28842591	rs10658897	chr16	28869401	28870200	15_EnhAF	26811
chr16	28843024	28843025	rs55991577	chr16	28869401	28870200	15_EnhAF	26377
chr16	28843117	28843118	rs56358680	chr16	28869401	28870200	15_EnhAF	26284
chr16	28844283	28844284	rs62036626	chr16	28869401	28870200	15_EnhAF	25118
chr16	28844364	28844365	rs62036657	chr16	28869401	28870200	15_EnhAF	25037
chr16	28845042	28845043	rs141681863	chr16	28869401	28870200	15_EnhAF	24359
chr16	28845250	28845251	rs12444171	chr16	28869401	28870200	15_EnhAF	24151
chr16	28846839	28846840	rs56404918	chr16	28869401	28870200	15_EnhAF	22562
chr16	28846865	28846866	rs55719896	chr16	28869401	28870200	15_EnhAF	22536
chr16	28847148	28847149	rs55830740	chr16	28869401	28870200	15_EnhAF	22253
chr16	28847245	28847246	rs12928404	chr16	28869401	28870200	15_EnhAF	22156
chr16	28848667	28848668	rs12325113	chr16	28869401	28870200	15_EnhAF	20734
chr16	28848817	28848818	rs12325278	chr16	28869401	28870200	15_EnhAF	20584
chr16	28850370	28850371	rs62036658	chr16	28869401	28870200	15_EnhAF	19031
chr16	28851377	28851378	rs148099387	chr16	28869401	28870200	15_EnhAF	18024
chr16	28853995	28853996	rs3088215	chr16	28869401	28870200	15_EnhAF	15406
chr16	28854768	28854769	rs28403629	chr16	28869401	28870200	15_EnhAF	14633
chr16	28855521	28855522	rs61737565	chr16	28869401	28870200	15_EnhAF	13880
chr16	28855726	28855727	rs4788099	chr16	28869401	28870200	15_EnhAF	13675
chr16	28857644	28857645	rs7187776	chr16	28869401	28870200	15_EnhAF	11757
chr16	28859801	28859802	rs9972693	chr16	28869401	28870200	15_EnhAF	9600
chr16	28860182	28860183	rs113079736	chr16	28869401	28870200	15_EnhAF	9219
chr16	28860236	28860237	rs12325014	chr16	28869401	28870200	15_EnhAF	9165
chr16	28861733	28861734	rs9972768	chr16	28869401	28870200	15_EnhAF	7668
chr16	28861880	28861881	rs56040780	chr16	28869401	28870200	15_EnhAF	7521
chr16	28862795	28862796	rs369515117	chr16	28869401	28870200	15_EnhAF	6606
chr16	28862894	28862895	rs55769821	chr16	28869401	28870200	15_EnhAF	6507
chr16	28863450	28863451	rs72793815	chr16	28869401	28870200	15_EnhAF	5951
chr16	28863516	28863517	rs80275162	chr16	28869401	28870200	15_EnhAF	5885
chr16	28863964	28863965	rs371918919	chr16	28869401	28870200	15_EnhAF	5437
chr16	28864448	28864449	rs56226746	chr16	28869401	28870200	15_EnhAF	4953
chr16	28864470	28864471	rs56163509	chr16	28869401	28870200	15_EnhAF	4931
chr16	28864672	28864673	rs4788100	chr16	28869401	28870200	15_EnhAF	4729
chr16	28865041	28865042	rs62037363	chr16	28869401	28870200	15_EnhAF	4360
chr16	28865891	28865892	rs7205323	chr16	28869401	28870200	15_EnhAF	3510
chr16	28865915	28865916	rs7187333	chr16	28869401	28870200	15_EnhAF	3486
chr16	28867060	28867061	rs147684209	chr16	28869401	28870200	15_EnhAF	2341
chr16	28867158	28867159	rs149601295	chr16	28869401	28870200	15_EnhAF	2243
chr16	28867803	28867804	rs4788101	chr16	28869401	28870200	15_EnhAF	1598
chr16	28868694	28868695	rs62037364	chr16	28869401	28870200	15_EnhAF	707
chr16	28868961	28868962	rs62037365	chr16	28869401	28870200	15_EnhAF	440
chr16	28869077	28869078	rs67567805	chr16	28869401	28870200	15_EnhAF	324
chr16	28870595	28870596	rs11150609	chr16	28870401	28870600	15_EnhAF	0
chr16	28870961	28870962	rs12446589	chr16	28870601	28871400	17_EnhW2	0
chr16	28871190	28871191	rs12448902	chr16	28870601	28871400	17_EnhW2	0
chr16	28871201	28871202	rs199766562	chr16	28870601	28871400	17_EnhW2	0
chr16	28871656	28871657	rs62037366	chr16	28870601	28871400	17_EnhW2	257
chr16	28871852	28871853	rs11859512	chr16	28870601	28871400	17_EnhW2	453
chr16	28871859	28871860	rs11861132	chr16	28870601	28871400	17_EnhW2	460
chr16	28871988	28871989	rs11861174	chr16	28870601	28871400	17_EnhW2	589
chr16	28872353	28872354	rs7499337	chr16	28873001	28873200	18_EnhAc	648
chr16	28872597	28872598	rs6565229	chr16	28873001	28873200	18_EnhAc	404
chr16	28873397	28873398	rs4788102	chr16	28873001	28873200	18_EnhAc	198
chr16	28874546	28874547	rs62037367	chr16	28873001	28873200	18_EnhAc	1347
chr16	28875121	28875122	rs7198606	chr16	28873001	28873200	18_EnhAc	1922
chr16	28875203	28875204	rs11864750	chr16	28873001	28873200	18_EnhAc	2004
chr16	28875481	28875482	rs7193733	chr16	28873001	28873200	18_EnhAc	2282
chr16	28879483	28879484	rs11863370	chr16	28873001	28873200	18_EnhAc	6284
chr16	28881201	28881202	rs8055982	chr16	28873001	28873200	18_EnhAc	8002
chr16	28882423	28882424	rs7498603	chr16	28890201	28890600	16_EnhW1	7778
chr16	28883240	28883241	rs7498665	chr16	28890201	28890600	16_EnhW1	6961
chr16	28883840	28883841	rs62037369	chr16	28890201	28890600	16_EnhW1	6361
chr16	28885658	28885659	rs7359397	chr16	28890201	28890600	16_EnhW1	4543
chr16	28885930	28885931	rs11864107	chr16	28890201	28890600	16_EnhW1	4271
chr16	28889485	28889486	rs3888190	chr16	28890201	28890600	16_EnhW1	716
chr16	28889700	28889701	rs201017113	chr16	28890201	28890600	16_EnhW1	501
chr16	28890130	28890131	rs62037371	chr16	28890201	28890600	16_EnhW1	71
chr16	28891464	28891465	rs8055138	chr16	28891801	28892200	16_EnhW1	337
chr16	28893136	28893137	rs72793818	chr16	28891801	28892200	16_EnhW1	937
chr16	28893408	28893409	rs11645143	chr16	28891801	28892200	16_EnhW1	1209
chr16	28893531	28893532	rs11641216	chr16	28891801	28892200	16_EnhW1	1332
chr16	28893570	28893571	rs7498555	chr16	28891801	28892200	16_EnhW1	1371
chr16	28893727	28893728	rs5816477	chr16	28891801	28892200	16_EnhW1	1528
chr16	28895129	28895130	rs8061590	chr16	28891801	28892200	16_EnhW1	2930
chr16	28896014	28896015	rs11642449	chr16	28891801	28892200	16_EnhW1	3815
chr16	28897451	28897452	rs8056890	chr16	28891801	28892200	16_EnhW1	5252
chr16	28904750	28904751	rs68040616	chr16	28891801	28892200	16_EnhW1	12551
chr16	28906083	28906084	rs9931989	chr16	28891801	28892200	16_EnhW1	13884
chr16	28911130	28911131	rs71143703	chr16	28891801	28892200	16_EnhW1	18931
chr16	28911308	28911309	rs8060365	chr16	28891801	28892200	16_EnhW1	19109
chr16	28913786	28913787	rs7189927	chr16	28891801	28892200	16_EnhW1	21587
chr16	28915216	28915217	rs8046545	chr16	28891801	28892200	16_EnhW1	23017
chr16	28915526	28915527	rs10499	chr16	28891801	28892200	16_EnhW1	23327
chr16	28917643	28917644	rs7188071	chr16	28891801	28892200	16_EnhW1	25444
chr16	28919340	28919341	rs7206214	chr16	28891801	28892200	16_EnhW1	27141
chr16	28919583	28919584	rs72535027	chr16	28891801	28892200	16_EnhW1	27384
chr16	28920343	28920344	rs113226418	chr16	28891801	28892200	16_EnhW1	28144
chr16	50289433	50289434	rs59402890	chr16	50287601	50288200	17_EnhW2	1234
chr16	50292342	50292343	rs1540620	chr16	50292601	50292800	17_EnhW2	259
chr16	50302652	50302653	rs62028325	chr16	50298001	50299400	17_EnhW2	3253
chr16	50304248	50304249	rs77150043	chr16	50298001	50299400	17_EnhW2	4849
chr16	50668076	50668077	rs117372389	chr16	50651601	50651800	17_EnhW2	16277
chr16	75234288	75234289	rs371183658	chr16	75233401	75233600	16_EnhW1	689
chr16	75234871	75234872	rs72802342	chr16	75233401	75233600	16_EnhW1	1272
chr16	75236762	75236763	rs55993634	chr16	75233401	75233600	16_EnhW1	3163
chr16	75240882	75240883	rs72802352	chr16	75233401	75233600	16_EnhW1	7283
chr16	75242011	75242012	rs889512	chr16	75233401	75233600	16_EnhW1	8412
chr16	75242849	75242850	rs9936550	chr16	75233401	75233600	16_EnhW1	9250
chr16	75243141	75243142	rs72802357	chr16	75233401	75233600	16_EnhW1	9542
chr16	75243656	75243657	rs72802358	chr16	75233401	75233600	16_EnhW1	10057
chr16	75243771	75243772	rs77258096	chr16	75233401	75233600	16_EnhW1	10172
chr16	75244744	75244745	rs9921930	chr16	75233401	75233600	16_EnhW1	11145
chr16	75245002	75245003	rs9921586	chr16	75233401	75233600	16_EnhW1	11403
chr16	75245325	75245326	rs9924354	chr16	75233401	75233600	16_EnhW1	11726
chr16	75245936	75245937	rs66502159	chr16	75233401	75233600	16_EnhW1	12337
chr16	75246034	75246035	rs72802365	chr16	75233401	75233600	16_EnhW1	12435
chr16	75246418	75246419	rs9927309	chr16	75233401	75233600	16_EnhW1	12819
chr16	75246884	75246885	rs9940370	chr16	75233401	75233600	16_EnhW1	13285
chr16	75247082	75247083	rs66535165	chr16	75233401	75233600	16_EnhW1	13483
chr16	75247166	75247167	rs67478528	chr16	75233401	75233600	16_EnhW1	13567
chr16	75247244	75247245	rs7202877	chr16	75233401	75233600	16_EnhW1	13645
chr16	75247257	75247258	rs7195852	chr16	75233401	75233600	16_EnhW1	13658
chr16	75247342	75247343	rs11317724	chr16	75233401	75233600	16_EnhW1	13743
chr16	75247390	75247391	rs7202844	chr16	75233401	75233600	16_EnhW1	13791
chr16	75247409	75247410	rs7202858	chr16	75233401	75233600	16_EnhW1	13810
chr16	75247782	75247783	rs373306981	chr16	75233401	75233600	16_EnhW1	14183
chr16	75247825	75247826	rs6564232	chr16	75233401	75233600	16_EnhW1	14226
chr16	75248281	75248282	rs6564233	chr16	75233401	75233600	16_EnhW1	14682
chr16	75248379	75248380	rs7197746	chr16	75233401	75233600	16_EnhW1	14780
chr16	75248498	75248499	rs7197389	chr16	75233401	75233600	16_EnhW1	14899
chr16	75248569	75248570	rs60470336	chr16	75233401	75233600	16_EnhW1	14970
chr16	75248661	75248662	rs72802372	chr16	75233401	75233600	16_EnhW1	15062
chr16	75248760	75248761	rs66881382	chr16	75233401	75233600	16_EnhW1	15161
chr16	75248792	75248793	rs72802375	chr16	75233401	75233600	16_EnhW1	15193
chr16	75249169	75249170	rs111852127	chr16	75233401	75233600	16_EnhW1	15570
chr16	75249272	75249273	rs61634868	chr16	75233401	75233600	16_EnhW1	15673
chr16	75249312	75249313	rs59409959	chr16	75233401	75233600	16_EnhW1	15713
chr16	75249551	75249552	rs184458383	chr16	75233401	75233600	16_EnhW1	15952
chr16	75249686	75249687	rs6564234	chr16	75233401	75233600	16_EnhW1	16087
chr16	75249753	75249754	rs6564235	chr16	75233401	75233600	16_EnhW1	16154
chr16	75249790	75249791	rs111869668	chr16	75233401	75233600	16_EnhW1	16191
chr16	75249890	75249891	rs6564236	chr16	75233401	75233600	16_EnhW1	16291
chr16	75249978	75249979	rs6564237	chr16	75233401	75233600	16_EnhW1	16379
chr16	75250716	75250717	rs2870463	chr16	75233401	75233600	16_EnhW1	17117
chr16	75250861	75250862	rs66473537	chr16	75233401	75233600	16_EnhW1	17262
chr16	75251553	75251554	rs147630228	chr16	75233401	75233600	16_EnhW1	17954
chr16	75251658	75251659	rs8052763	chr16	75233401	75233600	16_EnhW1	18059
chr16	75252102	75252103	rs8053595	chr16	75233401	75233600	16_EnhW1	18503
chr16	75252160	75252161	rs8054218	chr16	75233401	75233600	16_EnhW1	18561
chr16	75252326	75252327	rs8056814	chr16	75233401	75233600	16_EnhW1	18727
chr16	75252822	75252823	rs68181471	chr16	75233401	75233600	16_EnhW1	19223
chr16	75258616	75258617	rs2287990	chr16	75233401	75233600	16_EnhW1	25017
chr16	75259217	75259218	rs13331385	chr16	75233401	75233600	16_EnhW1	25618
chr16	75260328	75260329	rs28690217	chr16	75233401	75233600	16_EnhW1	26729
chr16	75272366	75272367	rs13337017	chr16	75300801	75301000	16_EnhW1	28435
chr16	75273828	75273829	rs72802391	chr16	75300801	75301000	16_EnhW1	26973
chr16	75275629	75275630	rs8048529	chr16	75300801	75301000	16_EnhW1	25172
chr16	75277452	75277453	rs76709948	chr16	75300801	75301000	16_EnhW1	23349
chr16	75277779	75277780	rs3826110	chr16	75300801	75301000	16_EnhW1	23022
chr16	75279983	75279984	rs3971235	chr16	75300801	75301000	16_EnhW1	20818
chr16	75280377	75280378	rs28439846	chr16	75300801	75301000	16_EnhW1	20424
chr16	75280957	75280958	rs3743614	chr16	75300801	75301000	16_EnhW1	19844
chr16	75281234	75281235	rs28595463	chr16	75300801	75301000	16_EnhW1	19567
chr16	75283064	75283065	rs60879082	chr16	75300801	75301000	16_EnhW1	17737
chr16	75286483	75286484	rs72802395	chr16	75300801	75301000	16_EnhW1	14318
chr16	75295020	75295021	rs8046145	chr16	75300801	75301000	16_EnhW1	5781
chr16	75295638	75295639	rs13337397	chr16	75300801	75301000	16_EnhW1	5163
chr16	75297672	75297673	rs8063014	chr16	75300801	75301000	16_EnhW1	3129
chr16	75299966	75299967	rs73605136	chr16	75300801	75301000	16_EnhW1	835
chr16	75300037	75300038	rs73605139	chr16	75300801	75301000	16_EnhW1	764
chr16	75300247	75300248	rs7185352	chr16	75300801	75301000	16_EnhW1	554
chr16	75301278	75301279	rs60852020	chr16	75301001	75302200	17_EnhW2	0
chr16	75301973	75301974	rs72804106	chr16	75301001	75302200	17_EnhW2	0
chr16	75302463	75302464	rs8062169	chr16	75301001	75302200	17_EnhW2	264
chr16	75302996	75302997	rs56787417	chr16	75301001	75302200	17_EnhW2	797
chr17	37902909	37902910	rs150443878	chr17	37906401	37906800	17_EnhW2	3492
chr17	37903730	37903731	rs2941519	chr17	37906401	37906800	17_EnhW2	2671
chr17	37905106	37905107	rs9747973	chr17	37906401	37906800	17_EnhW2	1295
chr17	37910367	37910368	rs2941522	chr17	37909601	37909800	16_EnhW1	568
chr17	37912376	37912377	rs12946510	chr17	37911801	37912000	17_EnhW2	377
chr17	37916396	37916397	rs72538185	chr17	37915001	37915200	17_EnhW2	1197
chr17	37921741	37921742	rs907091	chr17	37919201	37919600	16_EnhW1	2142
chr17	37922258	37922259	rs907092	chr17	37919201	37919600	16_EnhW1	2659
chr17	37928058	37928059	rs2952140	chr17	37919201	37919600	16_EnhW1	8459
chr17	37929815	37929816	rs2313430	chr17	37919201	37919600	16_EnhW1	10216
chr17	37938046	37938047	rs10445308	chr17	37919201	37919600	16_EnhW1	18447
chr17	37939838	37939839	rs12942330	chr17	37919201	37919600	16_EnhW1	20239
chr17	37940807	37940808	rs11658993	chr17	37919201	37919600	16_EnhW1	21208
chr17	37960016	37960017	rs2952144	chr17	37919201	37919600	16_EnhW1	40417
chr17	37962986	37962987	rs4795395	chr17	37919201	37919600	16_EnhW1	43387
chr17	37970148	37970149	rs9909593	chr17	37919201	37919600	16_EnhW1	50549
chr17	37975217	37975218	rs71152606	chr17	37919201	37919600	16_EnhW1	55618
chr17	37976468	37976469	rs9303277	chr17	37919201	37919600	16_EnhW1	56869
chr17	37983491	37983492	rs12944882	chr17	37919201	37919600	16_EnhW1	63892
chr17	37985800	37985801	rs3816470	chr17	37919201	37919600	16_EnhW1	66201
chr17	38004936	38004937	rs34233420	chr17	38059401	38060200	17_EnhW2	54465
chr17	38005594	38005595	rs9916765	chr17	38059401	38060200	17_EnhW2	53807
chr17	38006332	38006333	rs8071789	chr17	38059401	38060200	17_EnhW2	53069
chr17	38006787	38006788	rs202126107	chr17	38059401	38060200	17_EnhW2	52614
chr17	38007320	38007321	rs35222145	chr17	38059401	38060200	17_EnhW2	52081
chr17	38007322	38007323	rs34073687	chr17	38059401	38060200	17_EnhW2	52079
chr17	38020061	38020062	rs35564481	chr17	38059401	38060200	17_EnhW2	39340
chr17	38020418	38020419	rs1453559	chr17	38059401	38060200	17_EnhW2	38983
chr17	38023744	38023745	rs4795397	chr17	38059401	38060200	17_EnhW2	35657
chr17	38024625	38024626	rs11557466	chr17	38059401	38060200	17_EnhW2	34776
chr17	38025207	38025208	rs11078925	chr17	38059401	38060200	17_EnhW2	34194
chr17	38025657	38025658	rs71152614	chr17	38059401	38060200	17_EnhW2	33744
chr17	38026034	38026035	rs34120102	chr17	38059401	38060200	17_EnhW2	33367
chr17	38026168	38026169	rs11655198	chr17	38059401	38060200	17_EnhW2	33233
chr17	38026285	38026286	rs11650661	chr17	38059401	38060200	17_EnhW2	33116
chr17	38026360	38026361	rs11655292	chr17	38059401	38060200	17_EnhW2	33041
chr17	38027399	38027400	rs12709365	chr17	38059401	38060200	17_EnhW2	32002
chr17	38027582	38027583	rs13380815	chr17	38059401	38060200	17_EnhW2	31819
chr17	38028633	38028634	rs11557467	chr17	38059401	38060200	17_EnhW2	30768
chr17	38029119	38029120	rs12936231	chr17	38059401	38060200	17_EnhW2	30282
chr17	38030204	38030205	rs11870965	chr17	38059401	38060200	17_EnhW2	29197
chr17	38031029	38031030	rs9903250	chr17	38059401	38060200	17_EnhW2	28372
chr17	38031137	38031138	rs9905959	chr17	38059401	38060200	17_EnhW2	28264
chr17	38031163	38031164	rs11658278	chr17	38059401	38060200	17_EnhW2	28238
chr17	38031673	38031674	rs10852935	chr17	38059401	38060200	17_EnhW2	27728
chr17	38031713	38031714	rs10852936	chr17	38059401	38060200	17_EnhW2	27688
chr17	38031801	38031802	rs9891174	chr17	38059401	38060200	17_EnhW2	27600
chr17	38031856	38031857	rs59716545	chr17	38059401	38060200	17_EnhW2	27545
chr17	38031864	38031865	rs36095411	chr17	38059401	38060200	17_EnhW2	27537
chr17	38032135	38032136	rs200216139	chr17	38059401	38060200	17_EnhW2	27266
chr17	38032187	38032188	rs12939457	chr17	38059401	38060200	17_EnhW2	27214
chr17	38032216	38032217	rs367998020	chr17	38059401	38060200	17_EnhW2	27185
chr17	38032459	38032460	rs34189114	chr17	38059401	38060200	17_EnhW2	26942
chr17	38032679	38032680	rs35736272	chr17	38059401	38060200	17_EnhW2	26722
chr17	38033276	38033277	rs1054609	chr17	38059401	38060200	17_EnhW2	26125
chr17	38035115	38035116	rs9907088	chr17	38059401	38060200	17_EnhW2	24286
chr17	38035369	38035370	rs36038753	chr17	38059401	38060200	17_EnhW2	24032
chr17	38035623	38035624	rs35569035	chr17	38059401	38060200	17_EnhW2	23778
chr17	38035647	38035648	rs9910826	chr17	38059401	38060200	17_EnhW2	23754
chr17	38035773	38035774	rs71355426	chr17	38059401	38060200	17_EnhW2	23628
chr17	38036585	38036586	rs9904624	chr17	38059401	38060200	17_EnhW2	22816
chr17	38038178	38038179	rs4795398	chr17	38059401	38060200	17_EnhW2	21223
chr17	38038388	38038389	rs12939565	chr17	38059401	38060200	17_EnhW2	21013
chr17	38038389	38038390	rs12939566	chr17	38059401	38060200	17_EnhW2	21012
chr17	38038390	38038391	rs62067029	chr17	38059401	38060200	17_EnhW2	21011
chr17	38039565	38039566	rs71152620	chr17	38059401	38060200	17_EnhW2	19836
chr17	38040118	38040119	rs12232497	chr17	38059401	38060200	17_EnhW2	19283
chr17	38040362	38040363	rs12232498	chr17	38059401	38060200	17_EnhW2	19039
chr17	38040533	38040534	rs12941333	chr17	38059401	38060200	17_EnhW2	18868
chr17	38040762	38040763	rs2872507	chr17	38059401	38060200	17_EnhW2	18639
chr17	38042776	38042777	rs9908132	chr17	38059401	38060200	17_EnhW2	16625
chr17	38043342	38043343	rs9901146	chr17	38059401	38060200	17_EnhW2	16059
chr17	38043648	38043649	rs12936409	chr17	38059401	38060200	17_EnhW2	15753
chr17	38044892	38044893	rs33938760	chr17	38059401	38060200	17_EnhW2	14509
chr17	38045724	38045725	rs12103884	chr17	38059401	38060200	17_EnhW2	13677
chr17	38048243	38048244	rs9906951	chr17	38059401	38060200	17_EnhW2	11158
chr17	38049101	38049102	rs12950209	chr17	38059401	38060200	17_EnhW2	10300
chr17	38049232	38049233	rs12950743	chr17	38059401	38060200	17_EnhW2	10169
chr17	38049588	38049589	rs7359623	chr17	38059401	38060200	17_EnhW2	9813
chr17	38050091	38050092	rs68122720	chr17	38059401	38060200	17_EnhW2	9310
chr17	38051347	38051348	rs8067378	chr17	38059401	38060200	17_EnhW2	8054
chr17	38053206	38053207	rs12453507	chr17	38059401	38060200	17_EnhW2	6195
chr17	38055265	38055266	rs71152624	chr17	38059401	38060200	17_EnhW2	4136
chr17	38055934	38055935	rs34170568	chr17	38059401	38060200	17_EnhW2	3467
chr17	38056115	38056116	rs11651596	chr17	38059401	38060200	17_EnhW2	3286
chr17	38057188	38057189	rs12949100	chr17	38059401	38060200	17_EnhW2	2213
chr17	38057196	38057197	rs8069176	chr17	38059401	38060200	17_EnhW2	2205
chr17	38061438	38061439	rs4795399	chr17	38059401	38060200	17_EnhW2	1239
chr17	38062195	38062196	rs2305480	chr17	38059401	38060200	17_EnhW2	1996
chr17	38062216	38062217	rs2305479	chr17	38059401	38060200	17_EnhW2	2017
chr17	38062942	38062943	rs35196450	chr17	38059401	38060200	17_EnhW2	2743
chr17	38062943	38062944	rs56750287	chr17	38059401	38060200	17_EnhW2	2744
chr17	38062975	38062976	rs11078926	chr17	38059401	38060200	17_EnhW2	2776
chr17	38063380	38063381	rs883770	chr17	38059401	38060200	17_EnhW2	3181
chr17	38063737	38063738	rs62067034	chr17	38059401	38060200	17_EnhW2	3538
chr17	38063928	38063929	rs36000226	chr17	38059401	38060200	17_EnhW2	3729
chr17	38063986	38063987	rs36084703	chr17	38059401	38060200	17_EnhW2	3787
chr17	38064404	38064405	rs11078927	chr17	38059401	38060200	17_EnhW2	4205
chr17	38064468	38064469	rs11078928	chr17	38059401	38060200	17_EnhW2	4269
chr17	38064875	38064876	rs12939832	chr17	38059401	38060200	17_EnhW2	4676
chr17	38066239	38066240	rs2290400	chr17	38059401	38060200	17_EnhW2	6040
chr17	38066266	38066267	rs1008723	chr17	38059401	38060200	17_EnhW2	6067
chr17	38066371	38066372	rs56380902	chr17	38059401	38060200	17_EnhW2	6172
chr17	38067019	38067020	rs4795400	chr17	38059401	38060200	17_EnhW2	6820
chr17	38067532	38067533	rs4795401	chr17	38059401	38060200	17_EnhW2	7333
chr17	38068042	38068043	rs869402	chr17	38059401	38060200	17_EnhW2	7843
chr17	38068513	38068514	rs1011082	chr17	38059401	38060200	17_EnhW2	8314
chr17	38069075	38069076	rs921650	chr17	38059401	38060200	17_EnhW2	8876
chr17	38069273	38069274	rs921649	chr17	38059401	38060200	17_EnhW2	9074
chr17	38069386	38069387	rs141758348	chr17	38059401	38060200	17_EnhW2	9187
chr17	38069808	38069809	rs6503524	chr17	38059401	38060200	17_EnhW2	9609
chr17	38069948	38069949	rs7216389	chr17	38059401	38060200	17_EnhW2	9749
chr17	38070070	38070071	rs7216558	chr17	38059401	38060200	17_EnhW2	9871
chr17	38070788	38070789	rs7221605	chr17	38059401	38060200	17_EnhW2	10589
chr17	38071095	38071096	rs150597688	chr17	38059401	38060200	17_EnhW2	10896
chr17	38071871	38071872	rs143385463	chr17	38059401	38060200	17_EnhW2	11672
chr17	38072172	38072173	rs1031458	chr17	38059401	38060200	17_EnhW2	11973
chr17	38072246	38072247	rs1031460	chr17	38059401	38060200	17_EnhW2	12047
chr17	38072401	38072402	rs8065777	chr17	38059401	38060200	17_EnhW2	12202
chr17	38072726	38072727	rs2872516	chr17	38059401	38060200	17_EnhW2	12527
chr17	38073847	38073848	rs58989791	chr17	38085601	38086600	13_EnhA1	11754
chr17	38073967	38073968	rs9303279	chr17	38085601	38086600	13_EnhA1	11634
chr17	38074030	38074031	rs9303280	chr17	38085601	38086600	13_EnhA1	11571
chr17	38074045	38074046	rs9303281	chr17	38085601	38086600	13_EnhA1	11556
chr17	38074517	38074518	rs7219923	chr17	38085601	38086600	13_EnhA1	11084
chr17	38075014	38075015	rs201389301	chr17	38085601	38086600	13_EnhA1	10587
chr17	38075425	38075426	rs7224129	chr17	38085601	38086600	13_EnhA1	10176
chr17	38076136	38076137	rs8074437	chr17	38085601	38086600	13_EnhA1	9465
chr17	38080864	38080865	rs4065275	chr17	38085601	38086600	13_EnhA1	4737
chr17	38080911	38080912	rs8076131	chr17	38085601	38086600	13_EnhA1	4690
chr17	38082806	38082807	rs12603332	chr17	38085601	38086600	13_EnhA1	2795
chr17	38088416	38088417	rs4795405	chr17	38085601	38086600	13_EnhA1	1817
chr17	38089335	38089336	rs140683487	chr17	38085601	38086600	13_EnhA1	2736
chr17	38089343	38089344	rs4794820	chr17	38085601	38086600	13_EnhA1	2744
chr17	38089716	38089717	rs7221814	chr17	38092201	38092600	16_EnhW1	2485
chr17	38754799	38754800	rs9889953	chr17	38754601	38755200	16_EnhW1	0
chr17	38755020	38755021	rs9893132	chr17	38754601	38755200	16_EnhW1	0
chr17	38755664	38755665	rs11656173	chr17	38755801	38756000	14_EnhA2	137
chr17	38756968	38756969	rs7216890	chr17	38756001	38756200	17_EnhW2	769
chr17	38757728	38757729	rs1358173	chr17	38756001	38756200	17_EnhW2	1529
chr17	38757758	38757759	rs1358174	chr17	38756001	38756200	17_EnhW2	1559
chr17	38757788	38757789	rs1358175	chr17	38756001	38756200	17_EnhW2	1589
chr17	38758260	38758261	rs11651694	chr17	38756001	38756200	17_EnhW2	2061
chr17	38758649	38758650	rs2872812	chr17	38756001	38756200	17_EnhW2	2450
chr17	38763199	38763200	rs11658582	chr17	38756001	38756200	17_EnhW2	7000
chr17	38765514	38765515	rs7223136	chr17	38756001	38756200	17_EnhW2	9315
chr17	38767312	38767313	rs143512304	chr17	38776201	38776400	16_EnhW1	8889
chr17	38770285	38770286	rs7221109	chr17	38776201	38776400	16_EnhW1	5916
chr17	38770641	38770642	rs11464691	chr17	38776201	38776400	16_EnhW1	5560
chr17	38771760	38771761	rs11388540	chr17	38776201	38776400	16_EnhW1	4441
chr17	38774852	38774853	rs79074911	chr17	38776201	38776400	16_EnhW1	1349
chr17	38775149	38775150	rs757411	chr17	38776201	38776400	16_EnhW1	1052
chr17	38775475	38775476	rs9911533	chr17	38776201	38776400	16_EnhW1	726
chr17	38778487	38778488	rs4890117	chr17	38776201	38776400	16_EnhW1	2088
chr17	38781177	38781178	rs1013971	chr17	38776201	38776400	16_EnhW1	4778
chr17	38781832	38781833	rs3033070	chr17	38776201	38776400	16_EnhW1	5433
chr17	38782175	38782176	rs10658561	chr17	38776201	38776400	16_EnhW1	5776
chr17	38782285	38782286	rs7226035	chr17	38776201	38776400	16_EnhW1	5886
chr17	38786450	38786451	rs4890092	chr17	38776201	38776400	16_EnhW1	10051
chr17	38791074	38791075	rs9915135	chr17	38776201	38776400	16_EnhW1	14675
chr17	38795942	38795943	rs4890093	chr17	38776201	38776400	16_EnhW1	19543
chr17	38797201	38797202	rs1048573	chr17	38776201	38776400	16_EnhW1	20802
chr17	38797241	38797242	rs1048572	chr17	38776201	38776400	16_EnhW1	20842
chr17	38797408	38797409	rs9906785	chr17	38776201	38776400	16_EnhW1	21009
chr17	38804560	38804561	rs3752026	chr17	38776201	38776400	16_EnhW1	28161
chr17	38807076	38807077	rs10713220	chr17	38776201	38776400	16_EnhW1	30677
chr17	38807956	38807957	rs7219483	chr17	38776201	38776400	16_EnhW1	31557
chr17	38808248	38808249	rs2014704	chr17	38776201	38776400	16_EnhW1	31849
chr17	38808940	38808941	rs1029792	chr17	38776201	38776400	16_EnhW1	32541
chr17	38809284	38809285	rs7209467	chr17	38776201	38776400	16_EnhW1	32885
chr17	38813823	38813824	rs8068721	chr17	38776201	38776400	16_EnhW1	37424
chr17	38813835	38813836	rs11412331	chr17	38776201	38776400	16_EnhW1	37436
chr17	38816525	38816526	rs917593	chr17	38855801	38856200	16_EnhW1	39276
chr17	38816594	38816595	rs2008469	chr17	38855801	38856200	16_EnhW1	39207
chr17	38817017	38817018	rs34751443	chr17	38855801	38856200	16_EnhW1	38784
chr17	38817113	38817114	rs7210983	chr17	38855801	38856200	16_EnhW1	38688
chr17	38817379	38817380	rs12943859	chr17	38855801	38856200	16_EnhW1	38422
chr17	38817620	38817621	rs4890119	chr17	38855801	38856200	16_EnhW1	38181
chr17	38818597	38818598	rs7209735	chr17	38855801	38856200	16_EnhW1	37204
chr17	38819207	38819208	rs6503547	chr17	38855801	38856200	16_EnhW1	36594
chr17	38819497	38819498	rs917595	chr17	38855801	38856200	16_EnhW1	36304
chr17	38821777	38821778	rs9900324	chr17	38855801	38856200	16_EnhW1	34024
chr17	38824200	38824201	rs8076587	chr17	38855801	38856200	16_EnhW1	31601
chr17	38824401	38824402	rs7209404	chr17	38855801	38856200	16_EnhW1	31400
chr17	38824635	38824636	rs7223332	chr17	38855801	38856200	16_EnhW1	31166
chr17	38824671	38824672	rs7223354	chr17	38855801	38856200	16_EnhW1	31130
chr17	38824743	38824744	rs6503549	chr17	38855801	38856200	16_EnhW1	31058
chr17	38825556	38825557	rs9896791	chr17	38855801	38856200	16_EnhW1	30245
chr17	38826739	38826740	rs8073030	chr17	38855801	38856200	16_EnhW1	29062
chr17	38827061	38827062	rs7217237	chr17	38855801	38856200	16_EnhW1	28740
chr17	38827665	38827666	rs2315020	chr17	38855801	38856200	16_EnhW1	28136
chr17	38836228	38836229	rs2109222	chr17	38855801	38856200	16_EnhW1	19573
chr17	38846853	38846854	rs2109223	chr17	38855801	38856200	16_EnhW1	8948
chr17	38854405	38854406	rs2429549	chr17	38855801	38856200	16_EnhW1	1396
chr17	38860611	38860612	rs2159430	chr17	38855801	38856200	16_EnhW1	4412
chr17	38861273	38861274	rs2462962	chr17	38855801	38856200	16_EnhW1	5074
chr17	38861756	38861757	rs2462963	chr17	38855801	38856200	16_EnhW1	5557
chr17	38862527	38862528	rs2462964	chr17	38855801	38856200	16_EnhW1	6328
chr17	38864730	38864731	rs2469818	chr17	38855801	38856200	16_EnhW1	8531
chr17	38868235	38868236	rs2253717	chr17	38878001	38879200	17_EnhW2	9766
chr17	38869304	38869305	rs758630	chr17	38878001	38879200	17_EnhW2	8697
chr17	38871048	38871049	rs2462970	chr17	38878001	38879200	17_EnhW2	6953
chr17	38873281	38873282	rs7212255	chr17	38878001	38879200	17_EnhW2	4720
chr17	38875683	38875684	rs726848	chr17	38878001	38879200	17_EnhW2	2318
chr17	38876840	38876841	rs4890122	chr17	38878001	38879200	17_EnhW2	1161
chr18	1811107	1811108	rs185299109	chr18	2049801	2050000	17_EnhW2	238694
chr18	1831312	1831313	rs117236974	chr18	2049801	2050000	17_EnhW2	218489
chr18	12774325	12774326	rs2014857	chr18	12768801	12769200	17_EnhW2	5126
chr18	12774646	12774647	rs34560559	chr18	12768801	12769200	17_EnhW2	5447
chr18	12774893	12774894	rs888270	chr18	12768801	12769200	17_EnhW2	5694
chr18	12775062	12775063	rs142342883	chr18	12768801	12769200	17_EnhW2	5863
chr18	12775343	12775344	rs67878610	chr18	12768801	12769200	17_EnhW2	6144
chr18	12775590	12775591	rs2847260	chr18	12768801	12769200	17_EnhW2	6391
chr18	12775850	12775851	rs2542147	chr18	12768801	12769200	17_EnhW2	6651
chr18	12777324	12777325	rs7237497	chr18	12768801	12769200	17_EnhW2	8125
chr18	12777572	12777573	rs2542148	chr18	12768801	12769200	17_EnhW2	8373
chr18	12777602	12777603	rs2847274	chr18	12768801	12769200	17_EnhW2	8403
chr18	12778714	12778715	rs2847278	chr18	12768801	12769200	17_EnhW2	9515
chr18	12779017	12779018	rs2542149	chr18	12768801	12769200	17_EnhW2	9818
chr18	12779341	12779342	rs2847280	chr18	12768801	12769200	17_EnhW2	10142
chr18	12779762	12779763	rs2542150	chr18	12768801	12769200	17_EnhW2	10563
chr18	12779946	12779947	rs2542151	chr18	12768801	12769200	17_EnhW2	10747
chr18	12780455	12780456	rs9952749	chr18	12768801	12769200	17_EnhW2	11256
chr18	12780462	12780463	rs9952753	chr18	12768801	12769200	17_EnhW2	11263
chr18	12780463	12780464	rs9952991	chr18	12768801	12769200	17_EnhW2	11264
chr18	12780867	12780868	rs67518044	chr18	12768801	12769200	17_EnhW2	11668
chr18	12782447	12782448	rs2847293	chr18	12768801	12769200	17_EnhW2	13248
chr18	12783085	12783086	rs34920518	chr18	12768801	12769200	17_EnhW2	13886
chr18	12789555	12789556	rs11663253	chr18	12768801	12769200	17_EnhW2	20356
chr18	12792735	12792736	rs60474474	chr18	12811601	12811800	17_EnhW2	18866
chr18	12792939	12792940	rs45450798	chr18	12811601	12811800	17_EnhW2	18662
chr18	12795419	12795420	rs60751993	chr18	12811601	12811800	17_EnhW2	16182
chr18	12795469	12795470	rs60735058	chr18	12811601	12811800	17_EnhW2	16132
chr18	12795950	12795951	rs71174143	chr18	12811601	12811800	17_EnhW2	15651
chr18	12808139	12808140	rs8096138	chr18	12811601	12811800	17_EnhW2	3462
chr18	12808466	12808467	rs35153695	chr18	12811601	12811800	17_EnhW2	3135
chr18	12809339	12809340	rs1893217	chr18	12811601	12811800	17_EnhW2	2262
chr18	67511644	67511645	rs1790974	chr18	67455401	67456000	17_EnhW2	55645
chr18	67513804	67513805	rs9950174	chr18	67455401	67456000	17_EnhW2	57805
chr18	67516409	67516410	rs948788	chr18	67455401	67456000	17_EnhW2	60410
chr18	67516489	67516490	rs2365358	chr18	67455401	67456000	17_EnhW2	60490
chr18	67516580	67516581	rs75203923	chr18	67455401	67456000	17_EnhW2	60581
chr18	67516845	67516846	rs28665408	chr18	67455401	67456000	17_EnhW2	60846
chr18	67518030	67518031	rs1790604	chr18	67455401	67456000	17_EnhW2	62031
chr18	67518842	67518843	rs1790576	chr18	67455401	67456000	17_EnhW2	62843
chr18	67519078	67519079	rs1790575	chr18	67455401	67456000	17_EnhW2	63079
chr18	67519179	67519180	rs1790964	chr18	67455401	67456000	17_EnhW2	63180
chr18	67519203	67519204	rs1790963	chr18	67455401	67456000	17_EnhW2	63204
chr18	67519443	67519444	rs1790962	chr18	67455401	67456000	17_EnhW2	63444
chr18	67522365	67522366	rs36024512	chr18	67455401	67456000	17_EnhW2	66366
chr18	67522820	67522821	rs34875178	chr18	67455401	67456000	17_EnhW2	66821
chr18	67523259	67523260	rs7239671	chr18	67455401	67456000	17_EnhW2	67260
chr18	67523452	67523453	rs7241191	chr18	67455401	67456000	17_EnhW2	67453
chr18	67524355	67524356	rs1610554	chr18	67455401	67456000	17_EnhW2	68356
chr18	67524382	67524383	rs4891780	chr18	67455401	67456000	17_EnhW2	68383
chr18	67524645	67524646	rs4891781	chr18	67455401	67456000	17_EnhW2	68646
chr18	67525285	67525286	rs1790961	chr18	67455401	67456000	17_EnhW2	69286
chr18	67525856	67525857	rs3018275	chr18	67455401	67456000	17_EnhW2	69857
chr18	67526025	67526026	rs1808094	chr18	67455401	67456000	17_EnhW2	70026
chr18	67526643	67526644	rs1615504	chr18	67455401	67456000	17_EnhW2	70644
chr18	67526724	67526725	rs13381239	chr18	67455401	67456000	17_EnhW2	70725
chr18	67526817	67526818	rs34086233	chr18	67455401	67456000	17_EnhW2	70818
chr18	67527608	67527609	rs1788232	chr18	67455401	67456000	17_EnhW2	71609
chr18	67527700	67527701	rs7244202	chr18	67455401	67456000	17_EnhW2	71701
chr18	67527759	67527760	rs1790947	chr18	67455401	67456000	17_EnhW2	71760
chr18	67528429	67528430	rs1790946	chr18	67455401	67456000	17_EnhW2	72430
chr18	67529216	67529217	rs1469858	chr18	67455401	67456000	17_EnhW2	73217
chr18	67529970	67529971	rs371095822	chr18	67455401	67456000	17_EnhW2	73971
chr18	67530438	67530439	rs727088	chr18	67455401	67456000	17_EnhW2	74439
chr18	67531025	67531026	rs34794968	chr18	67455401	67456000	17_EnhW2	75026
chr18	67531641	67531642	rs763361	chr18	67455401	67456000	17_EnhW2	75642
chr18	67531796	67531797	rs763362	chr18	67455401	67456000	17_EnhW2	75797
chr18	67531894	67531895	rs1790931	chr18	67455401	67456000	17_EnhW2	75895
chr18	67532291	67532292	rs1788105	chr18	67455401	67456000	17_EnhW2	76292
chr18	67532545	67532546	rs4891376	chr18	67455401	67456000	17_EnhW2	76546
chr18	67533331	67533332	rs56249713	chr18	67455401	67456000	17_EnhW2	77332
chr18	67533399	67533400	rs1790932	chr18	67455401	67456000	17_EnhW2	77400
chr18	67533960	67533961	rs1788229	chr18	67455401	67456000	17_EnhW2	77961
chr18	67535183	67535184	rs1790588	chr18	67455401	67456000	17_EnhW2	79184
chr18	67536495	67536496	rs12969657	chr18	67455401	67456000	17_EnhW2	80496
chr18	67536616	67536617	rs8099412	chr18	67455401	67456000	17_EnhW2	80617
chr18	67537269	67537270	rs12956324	chr18	67618401	67618600	16_EnhW1	81132
chr18	67537350	67537351	rs17207042	chr18	67618401	67618600	16_EnhW1	81051
chr18	67538823	67538824	rs1788103	chr18	67618401	67618600	16_EnhW1	79578
chr18	67538859	67538860	rs12455361	chr18	67618401	67618600	16_EnhW1	79542
chr18	67539391	67539392	rs1865761	chr18	67618401	67618600	16_EnhW1	79010
chr18	67540722	67540723	rs1788100	chr18	67618401	67618600	16_EnhW1	77679
chr18	67542797	67542798	rs1788098	chr18	67618401	67618600	16_EnhW1	75604
chr18	67543146	67543147	rs1610555	chr18	67618401	67618600	16_EnhW1	75255
chr18	67543687	67543688	rs1788097	chr18	67618401	67618600	16_EnhW1	74714
chr18	67544045	67544046	rs2469434	chr18	67618401	67618600	16_EnhW1	74356
chr18	67544636	67544637	rs11661553	chr18	67618401	67618600	16_EnhW1	73765
chr18	67545497	67545498	rs4094864	chr18	67618401	67618600	16_EnhW1	72904
chr18	67546089	67546090	rs11151544	chr18	67618401	67618600	16_EnhW1	72312
chr19	10427720	10427721	rs74956615	chr19	10416401	10416800	16_EnhW1	10921
chr19	10459968	10459969	rs35251378	chr19	10457201	10457800	16_EnhW1	2169
chr19	10462512	10462513	rs11085725	chr19	10457201	10457800	16_EnhW1	4713
chr19	10463117	10463118	rs34536443	chr19	10457201	10457800	16_EnhW1	5318
chr19	10466122	10466123	rs11085727	chr19	10457201	10457800	16_EnhW1	8323
chr19	10475651	10475652	rs2304256	chr19	10492001	10492200	16_EnhW1	16350
chr19	10477066	10477067	rs34725611	chr19	10492001	10492200	16_EnhW1	14935
chr19	10492273	10492274	rs144309607	chr19	10492001	10492200	16_EnhW1	74
chr19	10586022	10586023	rs200458265	chr19	10589201	10589400	16_EnhW1	3179
chr19	47176751	47176752	rs874460	chr19	47174201	47174400	17_EnhW2	2352
chr19	47179453	47179454	rs141409639	chr19	47174201	47174400	17_EnhW2	5054
chr19	47182841	47182842	rs78320072	chr19	47174201	47174400	17_EnhW2	8442
chr19	47182941	47182942	rs137882482	chr19	47174201	47174400	17_EnhW2	8542
chr19	47196078	47196079	rs314675	chr19	47200801	47201200	16_EnhW1	4723
chr19	47198931	47198932	rs56010181	chr19	47200801	47201200	16_EnhW1	1870
chr19	47203258	47203259	rs314664	chr19	47201201	47201400	17_EnhW2	1859
chr19	47203355	47203356	rs112445263	chr19	47201201	47201400	17_EnhW2	1956
chr19	47205706	47205707	rs60652743	chr19	47201201	47201400	17_EnhW2	4307
chr19	47205953	47205954	rs201090562	chr19	47201201	47201400	17_EnhW2	4554
chr19	47208480	47208481	rs425105	chr19	47201201	47201400	17_EnhW2	7081
chr19	47212342	47212343	rs443081	chr19	47221001	47221400	13_EnhA1	8659
chr19	47213135	47213136	rs200395517	chr19	47221001	47221400	13_EnhA1	7866
chr19	47214410	47214411	rs432157	chr19	47221001	47221400	13_EnhA1	6591
chr19	47214995	47214996	rs1644350	chr19	47221001	47221400	13_EnhA1	6006
chr19	47215152	47215153	rs694273	chr19	47221001	47221400	13_EnhA1	5849
chr19	47219121	47219122	rs402072	chr19	47221001	47221400	13_EnhA1	1880
chr19	47221556	47221557	rs313839	chr19	47221401	47221600	14_EnhA2	0
chr19	47223948	47223949	rs313841	chr19	47221601	47221800	15_EnhAF	2149
chr19	47234884	47234885	rs160544	chr19	47221601	47221800	15_EnhAF	13085
chr19	47256541	47256542	rs113374757	chr19	47258001	47258200	17_EnhW2	1460
chr19	47258195	47258196	rs1644333	chr19	47258001	47258200	17_EnhW2	0
chr19	47258841	47258842	rs2287717	chr19	47258801	47259000	17_EnhW2	0
chr19	47276453	47276454	rs4804000	chr19	47265201	47266000	17_EnhW2	10454
chr19	49168941	49168942	rs8111874	chr19	49164001	49164200	16_EnhW1	4742
chr19	49171305	49171306	rs12462111	chr19	49164001	49164200	16_EnhW1	7106
chr19	49201216	49201217	rs368565	chr19	49200801	49201400	17_EnhW2	0
chr19	49203828	49203829	rs35106244	chr19	49202601	49202800	18_EnhAc	1029
chr19	49206107	49206108	rs679574	chr19	49202601	49202800	18_EnhAc	3308
chr19	49206144	49206145	rs516316	chr19	49202601	49202800	18_EnhAc	3345
chr19	49206171	49206172	rs516246	chr19	49202601	49202800	18_EnhAc	3372
chr19	49206416	49206417	rs492602	chr19	49202601	49202800	18_EnhAc	3617
chr19	49206461	49206462	rs681343	chr19	49202601	49202800	18_EnhAc	3662
chr19	49206602	49206603	rs281377	chr19	49202601	49202800	18_EnhAc	3803
chr19	49206673	49206674	rs601338	chr19	49202601	49202800	18_EnhAc	3874
chr19	49206984	49206985	rs602662	chr19	49202601	49202800	18_EnhAc	4185
chr19	49207205	49207206	rs485186	chr19	49202601	49202800	18_EnhAc	4406
chr19	49207254	49207255	rs485073	chr19	49202601	49202800	18_EnhAc	4455
chr19	49207256	49207257	rs603985	chr19	49202601	49202800	18_EnhAc	4457
chr19	49207553	49207554	rs571689	chr19	49202601	49202800	18_EnhAc	4754
chr19	49207650	49207651	rs570794	chr19	49202601	49202800	18_EnhAc	4851
chr19	49207791	49207792	rs2251034	chr19	49202601	49202800	18_EnhAc	4992
chr19	49208344	49208345	rs28362844	chr19	49202601	49202800	18_EnhAc	5545
chr19	49208367	49208368	rs2432132	chr19	49202601	49202800	18_EnhAc	5568
chr19	49208500	49208501	rs507855	chr19	49202601	49202800	18_EnhAc	5701
chr19	49208542	49208543	rs507766	chr19	49202601	49202800	18_EnhAc	5743
chr19	49208563	49208564	rs507711	chr19	49202601	49202800	18_EnhAc	5764
chr19	49208628	49208629	rs506897	chr19	49202601	49202800	18_EnhAc	5829
chr19	49208864	49208865	rs504963	chr19	49202601	49202800	18_EnhAc	6065
chr19	49208977	49208978	rs632111	chr19	49202601	49202800	18_EnhAc	6178
chr19	49209009	49209010	rs503279	chr19	49202601	49202800	18_EnhAc	6210
chr19	49209225	49209226	rs633372	chr19	49202601	49202800	18_EnhAc	6426
chr19	49209317	49209318	rs2638280	chr19	49202601	49202800	18_EnhAc	6518
chr19	49209324	49209325	rs2548458	chr19	49202601	49202800	18_EnhAc	6525
chr19	49209338	49209339	rs2548459	chr19	49202601	49202800	18_EnhAc	6539
chr19	49209463	49209464	rs692854	chr19	49202601	49202800	18_EnhAc	6664
chr19	49209559	49209560	rs1688264	chr19	49216201	49216400	16_EnhW1	6642
chr19	49209565	49209566	rs1704773	chr19	49216201	49216400	16_EnhW1	6636
chr19	49209850	49209851	rs646327	chr19	49216201	49216400	16_EnhW1	6351
chr19	49210868	49210869	rs2638281	chr19	49216201	49216400	16_EnhW1	5333
chr19	49211153	49211154	rs78736419	chr19	49216201	49216400	16_EnhW1	5048
chr19	49211157	49211158	rs36195416	chr19	49216201	49216400	16_EnhW1	5044
chr19	49211968	49211969	rs676388	chr19	49216201	49216400	16_EnhW1	4233
chr19	49213283	49213284	rs584768	chr19	49216201	49216400	16_EnhW1	2918
chr19	49213503	49213504	rs2452170	chr19	49216201	49216400	16_EnhW1	2698
chr19	49213530	49213531	rs28894750	chr19	49216201	49216400	16_EnhW1	2671
chr19	49213832	49213833	rs2638282	chr19	49216201	49216400	16_EnhW1	2369
chr19	49213870	49213871	rs35728097	chr19	49216201	49216400	16_EnhW1	2331
chr19	49214273	49214274	rs281379	chr19	49216201	49216400	16_EnhW1	1928
chr19	49215094	49215095	rs4002471	chr19	49216201	49216400	16_EnhW1	1107
chr19	49218059	49218060	rs35866622	chr19	49218601	49218800	16_EnhW1	542
chr19	49218110	49218111	rs33988101	chr19	49218601	49218800	16_EnhW1	491
chr19	49218429	49218430	rs12978750	chr19	49218601	49218800	16_EnhW1	172
chr19	49218436	49218437	rs12978752	chr19	49218601	49218800	16_EnhW1	165
chr19	49218601	49218602	rs12979278	chr19	49218601	49218800	16_EnhW1	0
chr19	49219458	49219459	rs660745	chr19	49219601	49219800	16_EnhW1	143
chr19	49220322	49220323	rs11672900	chr19	49220601	49220800	16_EnhW1	279
chr19	49221671	49221672	rs4302147	chr19	49220601	49220800	16_EnhW1	872
chr19	49225765	49225766	rs11882796	chr19	49223601	49223800	16_EnhW1	1966
chr19	49227042	49227043	rs11666792	chr19	49227801	49228000	15_EnhAF	759
chr19	49227255	49227256	rs12979891	chr19	49227801	49228000	15_EnhAF	546
chr19	49227442	49227443	rs11878908	chr19	49227801	49228000	15_EnhAF	359
chr19	49228271	49228272	rs2287921	chr19	49228201	49229000	13_EnhA1	0
chr19	49229322	49229323	rs479486	chr19	49229001	49229200	18_EnhAc	123
chr19	49229524	49229525	rs8112983	chr19	49229001	49229200	18_EnhAc	325
chr19	49232225	49232226	rs2287922	chr19	49229001	49229200	18_EnhAc	3026
chr19	49248729	49248730	rs838145	chr19	49250601	49250800	16_EnhW1	1872
chr2	3745214	3745215	rs12615970	chr2	3707001	3707800	16_EnhW1	37415
chr2	25163782	25163783	rs3731623	chr2	25153801	25154200	16_EnhW1	9583
chr2	25169199	25169200	rs1172294	chr2	25153801	25154200	16_EnhW1	15000
chr2	25187598	25187599	rs4665736	chr2	25196401	25196600	17_EnhW2	8803
chr2	25187824	25187825	rs58048722	chr2	25196401	25196600	17_EnhW2	8577
chr2	25193468	25193469	rs1470039	chr2	25196401	25196600	17_EnhW2	2933
chr2	25205376	25205377	rs11682135	chr2	25204801	25205200	17_EnhW2	177
chr2	25205426	25205427	rs1982200	chr2	25204801	25205200	17_EnhW2	227
chr2	25207949	25207950	rs12618252	chr2	25204801	25205200	17_EnhW2	2750
chr2	25213332	25213333	rs4665276	chr2	25219401	25219600	15_EnhAF	6069
chr2	25233810	25233811	rs62140636	chr2	25226001	25226200	17_EnhW2	7611
chr2	25239263	25239264	rs11125884	chr2	25226001	25226200	17_EnhW2	13064
chr2	25239968	25239969	rs12466350	chr2	25226001	25226200	17_EnhW2	13769
chr2	25245499	25245500	rs11689570	chr2	25264201	25264400	16_EnhW1	18702
chr2	25269193	25269194	rs13003179	chr2	25266801	25267000	17_EnhW2	2194
chr2	25270432	25270433	rs6720580	chr2	25266801	25267000	17_EnhW2	3433
chr2	25286434	25286435	rs1077492	chr2	25286801	25287200	17_EnhW2	367
chr2	25288674	25288675	rs62143001	chr2	25287601	25287800	17_EnhW2	875
chr2	25291538	25291539	rs1971136	chr2	25287601	25287800	17_EnhW2	3739
chr2	25301754	25301755	rs478222	chr2	25301001	25302000	16_EnhW1	0
chr2	25302690	25302691	rs71397466	chr2	25301001	25302000	16_EnhW1	691
chr2	25303771	25303772	rs493090	chr2	25301001	25302000	16_EnhW1	1772
chr2	25304573	25304574	rs567359	chr2	25301001	25302000	16_EnhW1	2574
chr2	25305135	25305136	rs483428	chr2	25301001	25302000	16_EnhW1	3136
chr2	25305503	25305504	rs551573	chr2	25301001	25302000	16_EnhW1	3504
chr2	25305755	25305756	rs1530016	chr2	25301001	25302000	16_EnhW1	3756
chr2	25307004	25307005	rs530951	chr2	25301001	25302000	16_EnhW1	5005
chr2	25308575	25308576	rs565906	chr2	25301001	25302000	16_EnhW1	6576
chr2	25309755	25309756	rs487617	chr2	25301001	25302000	16_EnhW1	7756
chr2	25310154	25310155	rs512419	chr2	25301001	25302000	16_EnhW1	8155
chr2	25310246	25310247	rs2577277	chr2	25301001	25302000	16_EnhW1	8247
chr2	25310247	25310248	rs71397467	chr2	25301001	25302000	16_EnhW1	8248
chr2	25310859	25310860	rs564667	chr2	25301001	25302000	16_EnhW1	8860
chr2	25311536	25311537	rs546217	chr2	25301001	25302000	16_EnhW1	9537
chr2	25314185	25314186	rs2918630	chr2	25325801	25326600	17_EnhW2	11616
chr2	25315510	25315511	rs492393	chr2	25325801	25326600	17_EnhW2	10291
chr2	25316335	25316336	rs2917916	chr2	25325801	25326600	17_EnhW2	9466
chr2	25316583	25316584	rs522806	chr2	25325801	25326600	17_EnhW2	9218
chr2	25317652	25317653	rs2438679	chr2	25325801	25326600	17_EnhW2	8149
chr2	25318058	25318059	rs475868	chr2	25325801	25326600	17_EnhW2	7743
chr2	25318521	25318522	rs480319	chr2	25325801	25326600	17_EnhW2	7280
chr2	25319470	25319471	rs510107	chr2	25325801	25326600	17_EnhW2	6331
chr2	25321773	25321774	rs35290435	chr2	25325801	25326600	17_EnhW2	4028
chr2	25331171	25331172	rs563590	chr2	25328801	25329200	17_EnhW2	1972
chr2	25332695	25332696	rs488817	chr2	25328801	25329200	17_EnhW2	3496
chr2	25333734	25333735	rs519111	chr2	25328801	25329200	17_EnhW2	4535
chr2	25334339	25334340	rs839652	chr2	25328801	25329200	17_EnhW2	5140
chr2	25335088	25335089	rs497567	chr2	25328801	25329200	17_EnhW2	5889
chr2	25340609	25340610	rs11684464	chr2	25350401	25350800	17_EnhW2	9792
chr2	111597635	111597636	rs1969232	chr2	111660601	111661000	17_EnhW2	62966
chr2	111597699	111597700	rs1969233	chr2	111660601	111661000	17_EnhW2	62902
chr2	111597990	111597991	rs1533295	chr2	111660601	111661000	17_EnhW2	62611
chr2	111598364	111598365	rs999643	chr2	111660601	111661000	17_EnhW2	62237
chr2	111598365	111598366	rs999642	chr2	111660601	111661000	17_EnhW2	62236
chr2	111601941	111601942	rs10180446	chr2	111660601	111661000	17_EnhW2	58660
chr2	111602973	111602974	rs12476878	chr2	111660601	111661000	17_EnhW2	57628
chr2	111604112	111604113	rs1554006	chr2	111660601	111661000	17_EnhW2	56489
chr2	111604641	111604642	rs13019266	chr2	111660601	111661000	17_EnhW2	55960
chr2	111606590	111606591	rs9917154	chr2	111660601	111661000	17_EnhW2	54011
chr2	111607400	111607401	rs7576541	chr2	111660601	111661000	17_EnhW2	53201
chr2	111608533	111608534	rs7588925	chr2	111660601	111661000	17_EnhW2	52068
chr2	111609689	111609690	rs10179923	chr2	111660601	111661000	17_EnhW2	50912
chr2	111609757	111609758	rs10180020	chr2	111660601	111661000	17_EnhW2	50844
chr2	111613735	111613736	rs12711785	chr2	111660601	111661000	17_EnhW2	46866
chr2	111615014	111615015	rs4849134	chr2	111660601	111661000	17_EnhW2	45587
chr2	111615078	111615079	rs4849135	chr2	111660601	111661000	17_EnhW2	45523
chr2	111615924	111615925	rs1533300	chr2	111660601	111661000	17_EnhW2	44677
chr2	111616303	111616304	rs1533298	chr2	111660601	111661000	17_EnhW2	44298
chr2	111622434	111622435	rs2612698	chr2	111660601	111661000	17_EnhW2	38167
chr2	111624581	111624582	rs997523	chr2	111660601	111661000	17_EnhW2	36020
chr2	111626733	111626734	rs2341873	chr2	111660601	111661000	17_EnhW2	33868
chr2	111628454	111628455	rs10169852	chr2	111660601	111661000	17_EnhW2	32147
chr2	111632331	111632332	rs2612700	chr2	111660601	111661000	17_EnhW2	28270
chr2	111635196	111635197	rs4849155	chr2	111660601	111661000	17_EnhW2	25405
chr2	111639438	111639439	rs4848317	chr2	111660601	111661000	17_EnhW2	21163
chr2	111655761	111655762	rs35629884	chr2	111660601	111661000	17_EnhW2	4840
chr2	111667659	111667660	rs10864930	chr2	111660601	111661000	17_EnhW2	6660
chr2	111677143	111677144	rs12151764	chr2	111660601	111661000	17_EnhW2	16144
chr2	111694329	111694330	rs4849268	chr2	111660601	111661000	17_EnhW2	33330
chr2	111694501	111694502	rs2880191	chr2	111660601	111661000	17_EnhW2	33502
chr2	111695418	111695419	rs931256	chr2	111660601	111661000	17_EnhW2	34419
chr2	162992003	162992004	rs141102226	chr2	162981801	162982200	16_EnhW1	9804
chr2	163110535	163110536	rs2111485	chr2	163112601	163112800	18_EnhAc	2066
chr2	163124050	163124051	rs1990760	chr2	163123201	163123400	15_EnhAF	651
chr2	163124636	163124637	rs35667974	chr2	163123201	163123400	15_EnhAF	1237
chr2	163132345	163132346	rs78456138	chr2	163139201	163139600	17_EnhW2	6856
chr2	163145463	163145464	rs28520266	chr2	163149801	163150600	17_EnhW2	4338
chr2	163154362	163154363	rs13023380	chr2	163156601	163157600	16_EnhW1	2239
chr2	163224520	163224521	rs984971	chr2	163200001	163200200	16_EnhW1	24321
chr2	163237389	163237390	rs2068330	chr2	163200001	163200200	16_EnhW1	37190
chr2	174454009	174454010	rs530673	chr2	174453401	174454400	17_EnhW2	0
chr2	174455830	174455831	rs56254219	chr2	174455601	174455800	18_EnhAc	31
chr2	174457946	174457947	rs57579980	chr2	174455601	174455800	18_EnhAc	2147
chr2	174458108	174458109	rs60005612	chr2	174455601	174455800	18_EnhAc	2309
chr2	174459938	174459939	rs4972590	chr2	174455601	174455800	18_EnhAc	4139
chr2	174460040	174460041	rs4972591	chr2	174455601	174455800	18_EnhAc	4241
chr2	174460736	174460737	rs66623664	chr2	174455601	174455800	18_EnhAc	4937
chr2	174460760	174460761	rs4972592	chr2	174455601	174455800	18_EnhAc	4961
chr2	174461963	174461964	rs56346567	chr2	174455601	174455800	18_EnhAc	6164
chr2	174462853	174462854	rs4972593	chr2	174455601	174455800	18_EnhAc	7054
chr2	174468336	174468337	rs67348767	chr2	174455601	174455800	18_EnhAc	12537
chr2	204691537	204691538	rs6745050	chr2	204680801	204681200	16_EnhW1	10338
chr2	204692199	204692200	rs144115812	chr2	204680801	204681200	16_EnhW1	11000
chr2	204692215	204692216	rs34636506	chr2	204680801	204681200	16_EnhW1	11016
chr2	204693136	204693137	rs231738	chr2	204680801	204681200	16_EnhW1	11937
chr2	204693735	204693736	rs1968351	chr2	204680801	204681200	16_EnhW1	12536
chr2	204693875	204693876	rs231735	chr2	204680801	204681200	16_EnhW1	12676
chr2	204694234	204694235	rs6714925	chr2	204680801	204681200	16_EnhW1	13035
chr2	204694262	204694263	rs13030124	chr2	204680801	204681200	16_EnhW1	13063
chr2	204694279	204694280	rs231734	chr2	204680801	204681200	16_EnhW1	13080
chr2	204694464	204694465	rs231733	chr2	204707401	204707800	17_EnhW2	12937
chr2	204694620	204694621	rs6715389	chr2	204707401	204707800	17_EnhW2	12781
chr2	204694783	204694784	rs3116514	chr2	204707401	204707800	17_EnhW2	12618
chr2	204694804	204694805	rs3115969	chr2	204707401	204707800	17_EnhW2	12597
chr2	204694951	204694952	rs12986861	chr2	204707401	204707800	17_EnhW2	12450
chr2	204694973	204694974	rs863603	chr2	204707401	204707800	17_EnhW2	12428
chr2	204695787	204695788	rs10490516	chr2	204707401	204707800	17_EnhW2	11614
chr2	204696867	204696868	rs60306514	chr2	204707401	204707800	17_EnhW2	10534
chr2	204696867	204696868	rs61272514	chr2	204707401	204707800	17_EnhW2	10534
chr2	204696940	204696941	rs34050244	chr2	204707401	204707800	17_EnhW2	10461
chr2	204697132	204697133	rs34461055	chr2	204707401	204707800	17_EnhW2	10269
chr2	204699758	204699759	rs35702010	chr2	204707401	204707800	17_EnhW2	7643
chr2	204699951	204699952	rs231789	chr2	204707401	204707800	17_EnhW2	7450
chr2	204700573	204700574	rs231790	chr2	204707401	204707800	17_EnhW2	6828
chr2	204700688	204700689	rs12990970	chr2	204707401	204707800	17_EnhW2	6713
chr2	204701864	204701865	rs231791	chr2	204707401	204707800	17_EnhW2	5537
chr2	204702248	204702249	rs231792	chr2	204707401	204707800	17_EnhW2	5153
chr2	204702659	204702660	rs1863800	chr2	204707401	204707800	17_EnhW2	4742
chr2	204703253	204703254	rs112783914	chr2	204707401	204707800	17_EnhW2	4148
chr2	204703253	204703254	rs2882971	chr2	204707401	204707800	17_EnhW2	4148
chr2	204703254	204703255	rs116604011	chr2	204707401	204707800	17_EnhW2	4147
chr2	204703256	204703257	rs114019067	chr2	204707401	204707800	17_EnhW2	4145
chr2	204703257	204703258	rs2882972	chr2	204707401	204707800	17_EnhW2	4144
chr2	204704701	204704702	rs231796	chr2	204707401	204707800	17_EnhW2	2700
chr2	204705156	204705157	rs2162606	chr2	204707401	204707800	17_EnhW2	2245
chr2	204706106	204706107	rs231797	chr2	204707401	204707800	17_EnhW2	1295
chr2	204706864	204706865	rs13033315	chr2	204707401	204707800	17_EnhW2	537
chr2	204707137	204707138	rs11571303	chr2	204707401	204707800	17_EnhW2	264
chr2	204707416	204707417	rs231799	chr2	204707401	204707800	17_EnhW2	0
chr2	204707584	204707585	rs231800	chr2	204707401	204707800	17_EnhW2	0
chr2	204707770	204707771	rs5837881	chr2	204707401	204707800	17_EnhW2	0
chr2	204708645	204708646	rs231804	chr2	204707801	204708200	16_EnhW1	446
chr2	204708775	204708776	rs11571304	chr2	204707801	204708200	16_EnhW1	576
chr2	204709348	204709349	rs231806	chr2	204707801	204708200	16_EnhW1	1149
chr2	204709388	204709389	rs11393378	chr2	204707801	204708200	16_EnhW1	1189
chr2	204712142	204712143	rs231810	chr2	204707801	204708200	16_EnhW1	3943
chr2	204713890	204713891	rs231811	chr2	204707801	204708200	16_EnhW1	5691
chr2	204717564	204717565	rs370053323	chr2	204707801	204708200	16_EnhW1	9365
chr2	204717712	204717713	rs11571293	chr2	204707801	204708200	16_EnhW1	9513
chr2	204721131	204721132	rs11571291	chr2	204707801	204708200	16_EnhW1	12932
chr2	204722158	204722159	rs1024162	chr2	204707801	204708200	16_EnhW1	13959
chr2	204731088	204731089	rs11571316	chr2	204752001	204753200	18_EnhAc	20913
chr2	204738918	204738919	rs3087243	chr2	204752001	204753200	18_EnhAc	13083
chr2	204742933	204742934	rs11571302	chr2	204752001	204753200	18_EnhAc	9068
chr2	204743408	204743409	rs7565213	chr2	204752001	204753200	18_EnhAc	8593
chr2	204745002	204745003	rs11571297	chr2	204752001	204753200	18_EnhAc	6999
chr2	204749249	204749250	rs960792	chr2	204752001	204753200	18_EnhAc	2752
chr2	204754352	204754353	rs7600322	chr2	204752001	204753200	18_EnhAc	1153
chr2	204756904	204756905	rs6748358	chr2	204756001	204756200	17_EnhW2	705
chr2	204758357	204758358	rs1427678	chr2	204756001	204756200	17_EnhW2	2158
chr2	204776175	204776176	rs13010492	chr2	204775201	204775400	16_EnhW1	776
chr2	204777817	204777818	rs17268364	chr2	204778601	204779800	16_EnhW1	784
chr2	204779833	204779834	rs11338266	chr2	204779801	204780000	17_EnhW2	0
chr2	204780840	204780841	rs3116521	chr2	204780001	204780200	16_EnhW1	641
chr2	204781917	204781918	rs62182631	chr2	204780001	204780200	16_EnhW1	1718
chr2	204781919	204781920	rs2352548	chr2	204780001	204780200	16_EnhW1	1720
chr2	204783581	204783582	rs7596727	chr2	204780001	204780200	16_EnhW1	3382
chr2	204783896	204783897	rs35184056	chr2	204780001	204780200	16_EnhW1	3697
chr2	204784211	204784212	rs13029135	chr2	204780001	204780200	16_EnhW1	4012
chr2	204785384	204785385	rs3116508	chr2	204780001	204780200	16_EnhW1	5185
chr2	204785455	204785456	rs3116509	chr2	204780001	204780200	16_EnhW1	5256
chr2	204786316	204786317	rs3116510	chr2	204780001	204780200	16_EnhW1	6117
chr2	204786473	204786474	rs10932027	chr2	204780001	204780200	16_EnhW1	6274
chr2	204786979	204786980	rs11313561	chr2	204780001	204780200	16_EnhW1	6780
chr2	204787133	204787134	rs62182632	chr2	204780001	204780200	16_EnhW1	6934
chr2	204788155	204788156	rs2033171	chr2	204780001	204780200	16_EnhW1	7956
chr2	204790610	204790611	rs11571307	chr2	204780001	204780200	16_EnhW1	10411
chr2	204791468	204791469	rs1978594	chr2	204780001	204780200	16_EnhW1	11269
chr2	204791528	204791529	rs1978595	chr2	204780001	204780200	16_EnhW1	11329
chr2	204792070	204792071	rs6435212	chr2	204780001	204780200	16_EnhW1	11871
chr2	204792408	204792409	rs1896493	chr2	204780001	204780200	16_EnhW1	12209
chr2	204793062	204793063	rs10932028	chr2	204780001	204780200	16_EnhW1	12863
chr2	204793297	204793298	rs11571310	chr2	204780001	204780200	16_EnhW1	13098
chr2	204793338	204793339	rs11571309	chr2	204780001	204780200	16_EnhW1	13139
chr2	204794756	204794757	rs2352551	chr2	204780001	204780200	16_EnhW1	14557
chr2	228121100	228121101	rs55703767	chr2	228131601	228132400	17_EnhW2	10501
chr2	228127368	228127369	rs4673186	chr2	228131601	228132400	17_EnhW2	4233
chr2	228180225	228180226	rs62279166	chr2	228131601	228132400	17_EnhW2	47826
chr2	228236096	228236097	rs62190923	chr2	228235001	228236800	13_EnhA1	0
chr2	234143047	234143048	rs34701569	chr2	234120001	234120600	16_EnhW1	22448
chr2	234143372	234143373	rs13003866	chr2	234120001	234120600	16_EnhW1	22773
chr2	234145617	234145618	rs28454240	chr2	234120001	234120600	16_EnhW1	25018
chr2	234145943	234145944	rs13418066	chr2	234120001	234120600	16_EnhW1	25344
chr2	234145970	234145971	rs13412102	chr2	234120001	234120600	16_EnhW1	25371
chr2	234146046	234146047	rs12692250	chr2	234120001	234120600	16_EnhW1	25447
chr2	234146270	234146271	rs10206299	chr2	234120001	234120600	16_EnhW1	25671
chr2	234146301	234146302	rs10192579	chr2	234120001	234120600	16_EnhW1	25702
chr2	234146549	234146550	rs10187752	chr2	234120001	234120600	16_EnhW1	25950
chr2	234147174	234147175	rs11688431	chr2	234120001	234120600	16_EnhW1	26575
chr2	234147289	234147290	rs148015174	chr2	234120001	234120600	16_EnhW1	26690
chr2	234147929	234147930	rs1596017	chr2	234120001	234120600	16_EnhW1	27330
chr2	234148382	234148383	rs11690131	chr2	234120001	234120600	16_EnhW1	27783
chr2	234148585	234148586	rs11694081	chr2	234120001	234120600	16_EnhW1	27986
chr2	234149038	234149039	rs11687982	chr2	234120001	234120600	16_EnhW1	28439
chr2	234149701	234149702	rs10929322	chr2	234120001	234120600	16_EnhW1	29102
chr2	234150328	234150329	rs71398775	chr2	234120001	234120600	16_EnhW1	29729
chr2	234151030	234151031	rs10929325	chr2	234120001	234120600	16_EnhW1	30431
chr2	234151044	234151045	rs10929326	chr2	234120001	234120600	16_EnhW1	30445
chr2	234151614	234151615	rs10186850	chr2	234120001	234120600	16_EnhW1	31015
chr2	234151840	234151841	rs35925329	chr2	234120001	234120600	16_EnhW1	31241
chr2	234153365	234153366	rs10203952	chr2	234120001	234120600	16_EnhW1	32766
chr2	234153847	234153848	rs10167613	chr2	234120001	234120600	16_EnhW1	33248
chr2	234154014	234154015	rs35174053	chr2	234120001	234120600	16_EnhW1	33415
chr2	234154138	234154139	rs2880080	chr2	234120001	234120600	16_EnhW1	33539
chr2	234154650	234154651	rs2119505	chr2	234120001	234120600	16_EnhW1	34051
chr2	234156535	234156536	rs11679791	chr2	234120001	234120600	16_EnhW1	35936
chr2	234157136	234157137	rs11680089	chr2	234120001	234120600	16_EnhW1	36537
chr2	234157257	234157258	rs11680130	chr2	234120001	234120600	16_EnhW1	36658
chr2	234157687	234157688	rs56049444	chr2	234120001	234120600	16_EnhW1	37088
chr2	234157732	234157733	rs55835501	chr2	234120001	234120600	16_EnhW1	37133
chr2	234157740	234157741	rs56227616	chr2	234120001	234120600	16_EnhW1	37141
chr2	234158838	234158839	rs10210302	chr2	234120001	234120600	16_EnhW1	38239
chr2	234160344	234160345	rs2289477	chr2	234120001	234120600	16_EnhW1	39745
chr2	234160668	234160669	rs10199278	chr2	234120001	234120600	16_EnhW1	40069
chr2	234161210	234161211	rs12692254	chr2	234120001	234120600	16_EnhW1	40611
chr2	234161447	234161448	rs6752107	chr2	234120001	234120600	16_EnhW1	40848
chr2	234161582	234161583	rs6738490	chr2	234120001	234120600	16_EnhW1	40983
chr2	234161768	234161769	rs6431654	chr2	234120001	234120600	16_EnhW1	41169
chr2	234162152	234162153	rs6745825	chr2	234120001	234120600	16_EnhW1	41553
chr2	234163682	234163683	rs6705964	chr2	234120001	234120600	16_EnhW1	43083
chr2	234166321	234166322	rs11685932	chr2	234120001	234120600	16_EnhW1	45722
chr2	234166663	234166664	rs6758787	chr2	234120001	234120600	16_EnhW1	46064
chr2	234167019	234167020	rs6431659	chr2	234120001	234120600	16_EnhW1	46420
chr2	234167233	234167234	rs6431660	chr2	234120001	234120600	16_EnhW1	46634
chr2	234167420	234167421	rs6431661	chr2	234120001	234120600	16_EnhW1	46821
chr2	234167880	234167881	rs34123137	chr2	234120001	234120600	16_EnhW1	47281
chr2	234169821	234169822	rs10164737	chr2	234120001	234120600	16_EnhW1	49222
chr2	234170323	234170324	rs140643155	chr2	234120001	234120600	16_EnhW1	49724
chr2	234170325	234170326	rs55926010	chr2	234120001	234120600	16_EnhW1	49726
chr2	234170368	234170369	rs13391356	chr2	234120001	234120600	16_EnhW1	49769
chr2	234170396	234170397	rs6737398	chr2	234120001	234120600	16_EnhW1	49797
chr2	234172187	234172188	rs12162308	chr2	234120001	234120600	16_EnhW1	51588
chr2	234172845	234172846	rs6708373	chr2	234120001	234120600	16_EnhW1	52246
chr2	234172914	234172915	rs10165561	chr2	234120001	234120600	16_EnhW1	52315
chr2	234173269	234173270	rs35812841	chr2	234120001	234120600	16_EnhW1	52670
chr2	234173502	234173503	rs12994997	chr2	234120001	234120600	16_EnhW1	52903
chr2	234175705	234175706	rs13009506	chr2	234120001	234120600	16_EnhW1	55106
chr2	234176114	234176115	rs35352766	chr2	234120001	234120600	16_EnhW1	55515
chr2	234176608	234176609	rs3792112	chr2	234120001	234120600	16_EnhW1	56009
chr2	234178452	234178453	rs12994971	chr2	234120001	234120600	16_EnhW1	57853
chr2	234179689	234179690	rs3792111	chr2	234120001	234120600	16_EnhW1	59090
chr2	234180409	234180410	rs3828309	chr2	234120001	234120600	16_EnhW1	59810
chr2	234181847	234181848	rs2289474	chr2	234120001	234120600	16_EnhW1	61248
chr2	234182239	234182240	rs2289472	chr2	234120001	234120600	16_EnhW1	61640
chr2	234183367	234183368	rs2241880	chr2	234120001	234120600	16_EnhW1	62768
chr2	234183467	234183468	rs2241879	chr2	234120001	234120600	16_EnhW1	62868
chr2	234183717	234183718	rs2241878	chr2	234120001	234120600	16_EnhW1	63118
chr2	234184416	234184417	rs3792109	chr2	234120001	234120600	16_EnhW1	63817
chr2	234184951	234184952	rs3792108	chr2	234120001	234120600	16_EnhW1	64352
chr2	234185266	234185267	rs36001488	chr2	234120001	234120600	16_EnhW1	64667
chr2	234185998	234185999	rs3816234	chr2	234120001	234120600	16_EnhW1	65399
chr2	234190739	234190740	rs3792106	chr2	234259001	234259200	17_EnhW2	68262
chr2	234192615	234192616	rs10196794	chr2	234259001	234259200	17_EnhW2	66386
chr2	234203582	234203583	rs35609673	chr2	234259001	234259200	17_EnhW2	55419
chr2	234203596	234203597	rs1045100	chr2	234259001	234259200	17_EnhW2	55405
chr2	234206473	234206474	rs10187822	chr2	234259001	234259200	17_EnhW2	52528
chr2	234206503	234206504	rs10195395	chr2	234259001	234259200	17_EnhW2	52498
chr2	234206609	234206610	rs10178603	chr2	234259001	234259200	17_EnhW2	52392
chr2	234206749	234206750	rs10192702	chr2	234259001	234259200	17_EnhW2	52252
chr2	234206798	234206799	rs7559194	chr2	234259001	234259200	17_EnhW2	52203
chr2	234208257	234208258	rs13411660	chr2	234259001	234259200	17_EnhW2	50744
chr20	1610061	1610062	rs1048055	chr20	1548401	1548800	17_EnhW2	61262
chr20	1610550	1610551	rs2281808	chr20	1548401	1548800	17_EnhW2	61751
chr20	1610938	1610939	rs3746722	chr20	1548401	1548800	17_EnhW2	62139
chr20	1612278	1612279	rs2147336	chr20	1548401	1548800	17_EnhW2	63479
chr20	1612281	1612282	rs2147337	chr20	1548401	1548800	17_EnhW2	63482
chr20	1612818	1612819	rs1535883	chr20	1548401	1548800	17_EnhW2	64019
chr20	1613955	1613956	rs6074927	chr20	1548401	1548800	17_EnhW2	65156
chr20	1614287	1614288	rs2318044	chr20	1548401	1548800	17_EnhW2	65488
chr20	1615543	1615544	rs6043405	chr20	1548401	1548800	17_EnhW2	66744
chr20	1615660	1615661	rs6110697	chr20	1548401	1548800	17_EnhW2	66861
chr20	1616205	1616206	rs6043409	chr20	1548401	1548800	17_EnhW2	67406
chr20	55837262	55837263	rs144434404	chr20	55788001	55788400	17_EnhW2	48863
chr20	55888051	55888052	rs140012767	chr20	55925201	55925800	16_EnhW1	37150
chr20	55948271	55948272	rs142550963	chr20	55949801	55950600	13_EnhA1	1530
chr21	43818655	43818656	rs9975920	chr21	43885801	43886000	17_EnhW2	67146
chr21	43819455	43819456	rs7279597	chr21	43885801	43886000	17_EnhW2	66346
chr21	43819990	43819991	rs13048554	chr21	43885801	43886000	17_EnhW2	65811
chr21	43820572	43820573	rs28700238	chr21	43885801	43886000	17_EnhW2	65229
chr21	43820887	43820888	rs74278191	chr21	43885801	43886000	17_EnhW2	64914
chr21	43821175	43821176	rs28755461	chr21	43885801	43886000	17_EnhW2	64626
chr21	43821547	43821548	rs373591717	chr21	43885801	43886000	17_EnhW2	64254
chr21	43821646	43821647	rs34195322	chr21	43885801	43886000	17_EnhW2	64155
chr21	43821912	43821913	rs71190420	chr21	43885801	43886000	17_EnhW2	63889
chr21	43822199	43822200	rs11909930	chr21	43885801	43886000	17_EnhW2	63602
chr21	43822401	43822402	rs11909987	chr21	43885801	43886000	17_EnhW2	63400
chr21	43822534	43822535	rs112408318	chr21	43885801	43886000	17_EnhW2	63267
chr21	43822575	43822576	rs11910048	chr21	43885801	43886000	17_EnhW2	63226
chr21	43822710	43822711	rs9976888	chr21	43885801	43886000	17_EnhW2	63091
chr21	43823288	43823289	rs9325635	chr21	43885801	43886000	17_EnhW2	62513
chr21	43823379	43823380	rs9784206	chr21	43885801	43886000	17_EnhW2	62422
chr21	43823735	43823736	rs9784215	chr21	43885801	43886000	17_EnhW2	62066
chr21	43823909	43823910	rs2277797	chr21	43885801	43886000	17_EnhW2	61892
chr21	43824122	43824123	rs2277799	chr21	43885801	43886000	17_EnhW2	61679
chr21	43824528	43824529	rs2156309	chr21	43885801	43886000	17_EnhW2	61273
chr21	43824985	43824986	rs9784208	chr21	43885801	43886000	17_EnhW2	60816
chr21	43825356	43825357	rs11203202	chr21	43885801	43886000	17_EnhW2	60445
chr21	43825518	43825519	rs7283281	chr21	43885801	43886000	17_EnhW2	60283
chr21	43825627	43825628	rs9984108	chr21	43885801	43886000	17_EnhW2	60174
chr21	43825721	43825722	rs9981624	chr21	43885801	43886000	17_EnhW2	60080
chr21	43826343	43826344	rs3746923	chr21	43885801	43886000	17_EnhW2	59458
chr21	43826390	43826391	rs3746924	chr21	43885801	43886000	17_EnhW2	59411
chr21	43826869	43826870	rs35391227	chr21	43885801	43886000	17_EnhW2	58932
chr21	43827764	43827765	rs9978717	chr21	43885801	43886000	17_EnhW2	58037
chr21	43827828	43827829	rs9981707	chr21	43885801	43886000	17_EnhW2	57973
chr21	43828266	43828267	rs28371062	chr21	43885801	43886000	17_EnhW2	57535
chr21	43828939	43828940	rs9984849	chr21	43885801	43886000	17_EnhW2	56862
chr21	43829757	43829758	rs11702374	chr21	43885801	43886000	17_EnhW2	56044
chr21	43832917	43832918	rs3761378	chr21	43885801	43886000	17_EnhW2	52884
chr21	43834853	43834854	rs34544259	chr21	43885801	43886000	17_EnhW2	50948
chr21	43835086	43835087	rs35269816	chr21	43885801	43886000	17_EnhW2	50715
chr21	43835089	43835090	rs35940194	chr21	43885801	43886000	17_EnhW2	50712
chr21	43835826	43835827	rs7278547	chr21	43885801	43886000	17_EnhW2	49975
chr21	43836009	43836010	rs80054410	chr21	43885801	43886000	17_EnhW2	49792
chr21	43836082	43836083	rs9976479	chr21	43885801	43886000	17_EnhW2	49719
chr21	43836185	43836186	rs11203203	chr21	43885801	43886000	17_EnhW2	49616
chr21	43836389	43836390	rs9976767	chr21	43885801	43886000	17_EnhW2	49412
chr21	43838053	43838054	rs9974339	chr21	43885801	43886000	17_EnhW2	47748
chr21	43839729	43839730	rs9980448	chr21	43885801	43886000	17_EnhW2	46072
chr21	43840889	43840890	rs11290979	chr21	43885801	43886000	17_EnhW2	44912
chr21	43841327	43841328	rs3788013	chr21	43885801	43886000	17_EnhW2	44474
chr21	43841826	43841827	rs876498	chr21	43885801	43886000	17_EnhW2	43975
chr21	43841904	43841905	rs876497	chr21	43885801	43886000	17_EnhW2	43897
chr21	43844839	43844840	rs883869	chr21	43885801	43886000	17_EnhW2	40962
chr21	43845091	43845092	rs883868	chr21	43885801	43886000	17_EnhW2	40710
chr21	43845293	43845294	rs2839508	chr21	43885801	43886000	17_EnhW2	40508
chr21	43846728	43846729	rs2839509	chr21	43885801	43886000	17_EnhW2	39073
chr22	30111301	30111302	rs715595	chr22	30100601	30101200	17_EnhW2	10102
chr22	30112363	30112364	rs737932	chr22	30100601	30101200	17_EnhW2	11164
chr22	30121576	30121577	rs5763436	chr22	30140801	30141200	17_EnhW2	19225
chr22	30124449	30124450	rs140095	chr22	30140801	30141200	17_EnhW2	16352
chr22	30124613	30124614	rs140096	chr22	30140801	30141200	17_EnhW2	16188
chr22	30124832	30124833	rs140097	chr22	30140801	30141200	17_EnhW2	15969
chr22	30128239	30128240	rs140100	chr22	30140801	30141200	17_EnhW2	12562
chr22	30128379	30128380	rs140101	chr22	30140801	30141200	17_EnhW2	12422
chr22	30133043	30133044	rs131262	chr22	30140801	30141200	17_EnhW2	7758
chr22	30133044	30133045	rs131263	chr22	30140801	30141200	17_EnhW2	7757
chr22	30135805	30135806	rs140118	chr22	30140801	30141200	17_EnhW2	4996
chr22	30143692	30143693	rs140124	chr22	30141401	30141600	17_EnhW2	2093
chr22	30149504	30149505	rs131269	chr22	30155001	30155400	17_EnhW2	5497
chr22	30153863	30153864	rs131274	chr22	30155001	30155400	17_EnhW2	1138
chr22	30161132	30161133	rs131289	chr22	30155001	30155400	17_EnhW2	5733
chr22	30164625	30164626	rs140137	chr22	30168401	30169200	17_EnhW2	3776
chr22	30164627	30164628	rs140138	chr22	30168401	30169200	17_EnhW2	3774
chr22	30171030	30171031	rs131293	chr22	30169601	30169800	17_EnhW2	1231
chr22	30173701	30173702	rs131295	chr22	30174601	30174800	17_EnhW2	900
chr22	30178304	30178305	rs140145	chr22	30176401	30178600	13_EnhA1	0
chr22	30184598	30184599	rs140147	chr22	30181201	30181400	17_EnhW2	3199
chr22	30185364	30185365	rs140148	chr22	30181201	30181400	17_EnhW2	3965
chr22	30185612	30185613	rs140149	chr22	30181201	30181400	17_EnhW2	4213
chr22	30185718	30185719	rs140150	chr22	30181201	30181400	17_EnhW2	4319
chr22	30185888	30185889	rs131301	chr22	30181201	30181400	17_EnhW2	4489
chr22	30187701	30187702	rs9614055	chr22	30181201	30181400	17_EnhW2	6302
chr22	30188083	30188084	rs5752961	chr22	30194401	30194600	14_EnhA2	6318
chr22	30198489	30198490	rs9608815	chr22	30194601	30196200	13_EnhA1	2290
chr22	30198492	30198493	rs67064044	chr22	30194601	30196200	13_EnhA1	2293
chr22	30199083	30199084	rs5997529	chr22	30194601	30196200	13_EnhA1	2884
chr22	30200098	30200099	rs740041	chr22	30194601	30196200	13_EnhA1	3899
chr22	30200361	30200362	rs81800	chr22	30194601	30196200	13_EnhA1	4162
chr22	30200892	30200893	rs2074706	chr22	30194601	30196200	13_EnhA1	4693
chr22	30202773	30202774	rs737945	chr22	30194601	30196200	13_EnhA1	6574
chr22	30203598	30203599	rs5997530	chr22	30194601	30196200	13_EnhA1	7399
chr22	30203841	30203842	rs2079338	chr22	30194601	30196200	13_EnhA1	7642
chr22	30204979	30204980	rs36574	chr22	30194601	30196200	13_EnhA1	8780
chr22	30206290	30206291	rs36576	chr22	30194601	30196200	13_EnhA1	10091
chr22	30208607	30208608	rs5752964	chr22	30194601	30196200	13_EnhA1	12408
chr22	30208888	30208889	rs111804922	chr22	30194601	30196200	13_EnhA1	12689
chr22	30210355	30210356	rs2074707	chr22	30222001	30222400	18_EnhAc	11646
chr22	30211875	30211876	rs713657	chr22	30222001	30222400	18_EnhAc	10126
chr22	30212193	30212194	rs713656	chr22	30222001	30222400	18_EnhAc	9808
chr22	30212365	30212366	rs5763512	chr22	30222001	30222400	18_EnhAc	9636
chr22	30212985	30212986	rs17711377	chr22	30222001	30222400	18_EnhAc	9016
chr22	30214703	30214704	rs249398	chr22	30222001	30222400	18_EnhAc	7298
chr22	30216899	30216900	rs9608816	chr22	30222001	30222400	18_EnhAc	5102
chr22	30216981	30216982	rs6006267	chr22	30222001	30222400	18_EnhAc	5020
chr22	30217826	30217827	rs2057882	chr22	30222001	30222400	18_EnhAc	4175
chr22	30219325	30219326	rs28749829	chr22	30222001	30222400	18_EnhAc	2676
chr22	30220189	30220190	rs5997534	chr22	30222001	30222400	18_EnhAc	1812
chr22	30221825	30221826	rs9306465	chr22	30222001	30222400	18_EnhAc	176
chr22	30225619	30225620	rs5997535	chr22	30222001	30222400	18_EnhAc	3220
chr22	30229953	30229954	rs1138120	chr22	30235001	30235200	16_EnhW1	5048
chr22	30232842	30232843	rs6006274	chr22	30235001	30235200	16_EnhW1	2159
chr22	30233432	30233433	rs57271738	chr22	30235001	30235200	16_EnhW1	1569
chr22	30234044	30234045	rs2301402	chr22	30235001	30235200	16_EnhW1	957
chr22	30238073	30238074	rs1894474	chr22	30238001	30238200	15_EnhAF	0
chr22	30238316	30238317	rs1076135	chr22	30238201	30239800	13_EnhA1	0
chr22	30244834	30244835	rs3958027	chr22	30244401	30244600	17_EnhW2	235
chr22	30244948	30244949	rs9614077	chr22	30244401	30244600	17_EnhW2	349
chr22	30254174	30254175	rs9614084	chr22	30244401	30244600	17_EnhW2	9575
chr22	30255016	30255017	rs201808552	chr22	30244401	30244600	17_EnhW2	10417
chr22	30256937	30256938	rs7287434	chr22	30244401	30244600	17_EnhW2	12338
chr22	30257032	30257033	rs4630869	chr22	30244401	30244600	17_EnhW2	12433
chr22	30257088	30257089	rs55805200	chr22	30244401	30244600	17_EnhW2	12489
chr22	30258356	30258357	rs5763559	chr22	30244401	30244600	17_EnhW2	13757
chr22	30259341	30259342	rs5997546	chr22	30273401	30273800	17_EnhW2	14060
chr22	30264273	30264274	rs5752973	chr22	30273401	30273800	17_EnhW2	9128
chr22	30265021	30265022	rs6006288	chr22	30273401	30273800	17_EnhW2	8380
chr22	30265343	30265344	rs5997549	chr22	30273401	30273800	17_EnhW2	8058
chr22	30268000	30268001	rs373698057	chr22	30273401	30273800	17_EnhW2	5401
chr22	30271961	30271962	rs5763565	chr22	30273401	30273800	17_EnhW2	1440
chr22	30274334	30274335	rs5752975	chr22	30273801	30274400	14_EnhA2	0
chr22	30288337	30288338	rs9614099	chr22	30273801	30274400	14_EnhA2	13938
chr22	30288338	30288339	rs9614100	chr22	30273801	30274400	14_EnhA2	13939
chr22	30289818	30289819	rs1807513	chr22	30303201	30303400	17_EnhW2	13383
chr22	30290124	30290125	rs9614102	chr22	30303201	30303400	17_EnhW2	13077
chr22	30290632	30290633	rs5763581	chr22	30303201	30303400	17_EnhW2	12569
chr22	30292723	30292724	rs12710565	chr22	30303201	30303400	17_EnhW2	10478
chr22	30292858	30292859	rs200250049	chr22	30303201	30303400	17_EnhW2	10343
chr22	30294172	30294173	rs2189802	chr22	30303201	30303400	17_EnhW2	9029
chr22	30295560	30295561	rs5763589	chr22	30303201	30303400	17_EnhW2	7641
chr22	30298185	30298186	rs5763591	chr22	30303201	30303400	17_EnhW2	5016
chr22	30298573	30298574	rs5763592	chr22	30303201	30303400	17_EnhW2	4628
chr22	30300585	30300586	rs5752978	chr22	30303201	30303400	17_EnhW2	2616
chr22	30302152	30302153	rs6006300	chr22	30303201	30303400	17_EnhW2	1049
chr22	30304983	30304984	rs67722380	chr22	30303401	30304000	14_EnhA2	984
chr22	30307557	30307558	rs4287865	chr22	30309801	30310600	13_EnhA1	2244
chr22	30307586	30307587	rs11418984	chr22	30309801	30310600	13_EnhA1	2215
chr22	30315415	30315416	rs737939	chr22	30309801	30310600	13_EnhA1	4816
chr22	30316212	30316213	rs11404982	chr22	30309801	30310600	13_EnhA1	5613
chr22	30316974	30316975	rs150260217	chr22	30309801	30310600	13_EnhA1	6375
chr22	30317523	30317524	rs34722485	chr22	30309801	30310600	13_EnhA1	6924
chr22	30319047	30319048	rs36099310	chr22	30309801	30310600	13_EnhA1	8448
chr22	30320462	30320463	rs60568937	chr22	30309801	30310600	13_EnhA1	9863
chr22	30331289	30331290	rs5763614	chr22	30309801	30310600	13_EnhA1	20690
chr22	30338953	30338954	rs7289604	chr22	30309801	30310600	13_EnhA1	28354
chr22	30339241	30339242	rs7285583	chr22	30309801	30310600	13_EnhA1	28642
chr22	30343476	30343477	rs960987	chr22	30376001	30376600	17_EnhW2	32525
chr22	30346354	30346355	rs138439307	chr22	30376001	30376600	17_EnhW2	29647
chr22	30348398	30348399	rs6006310	chr22	30376001	30376600	17_EnhW2	27603
chr22	30352031	30352032	rs5763638	chr22	30376001	30376600	17_EnhW2	23970
chr22	30354092	30354093	rs60355745	chr22	30376001	30376600	17_EnhW2	21909
chr22	30355492	30355493	rs59663694	chr22	30376001	30376600	17_EnhW2	20509
chr22	30357800	30357801	rs5763645	chr22	30376001	30376600	17_EnhW2	18201
chr22	30358744	30358745	rs73162764	chr22	30376001	30376600	17_EnhW2	17257
chr22	30359409	30359410	rs5763646	chr22	30376001	30376600	17_EnhW2	16592
chr22	30360914	30360915	rs4820824	chr22	30376001	30376600	17_EnhW2	15087
chr22	30361384	30361385	rs5763649	chr22	30376001	30376600	17_EnhW2	14617
chr22	30361955	30361956	rs142490974	chr22	30376001	30376600	17_EnhW2	14046
chr22	30362718	30362719	rs2412959	chr22	30376001	30376600	17_EnhW2	13283
chr22	30364223	30364224	rs5763650	chr22	30376001	30376600	17_EnhW2	11778
chr22	30364260	30364261	rs5763651	chr22	30376001	30376600	17_EnhW2	11741
chr22	30369775	30369776	rs3747149	chr22	30376001	30376600	17_EnhW2	6226
chr22	30369807	30369808	rs3747150	chr22	30376001	30376600	17_EnhW2	6194
chr22	30374280	30374281	rs9306468	chr22	30376001	30376600	17_EnhW2	1721
chr22	30374620	30374621	rs997913	chr22	30376001	30376600	17_EnhW2	1381
chr22	30376918	30376919	rs3788420	chr22	30376001	30376600	17_EnhW2	319
chr22	30382501	30382502	rs57076001	chr22	30376001	30376600	17_EnhW2	5902
chr22	30382662	30382663	rs66590707	chr22	30376001	30376600	17_EnhW2	6063
chr22	30383757	30383758	rs5763670	chr22	30389801	30390000	15_EnhAF	6044
chr22	30384043	30384044	rs5752992	chr22	30389801	30390000	15_EnhAF	5758
chr22	30384103	30384104	rs2285667	chr22	30389801	30390000	15_EnhAF	5698
chr22	30384571	30384572	rs5763671	chr22	30389801	30390000	15_EnhAF	5230
chr22	30388301	30388302	rs737908	chr22	30389801	30390000	15_EnhAF	1500
chr22	30388600	30388601	rs2007446	chr22	30389801	30390000	15_EnhAF	1201
chr22	30388705	30388706	rs2007458	chr22	30389801	30390000	15_EnhAF	1096
chr22	30393502	30393503	rs5763688	chr22	30391401	30391800	15_EnhAF	1703
chr22	30395833	30395834	rs1807508	chr22	30396401	30396600	17_EnhW2	568
chr22	30399416	30399417	rs737911	chr22	30401201	30401400	17_EnhW2	1785
chr22	30404546	30404547	rs41155	chr22	30401201	30401400	17_EnhW2	3147
chr22	30404652	30404653	rs41156	chr22	30401201	30401400	17_EnhW2	3253
chr22	30405150	30405151	rs41157	chr22	30401201	30401400	17_EnhW2	3751
chr22	30405982	30405983	rs41158	chr22	30401201	30401400	17_EnhW2	4583
chr22	30407363	30407364	rs41159	chr22	30401201	30401400	17_EnhW2	5964
chr22	30407387	30407388	rs41160	chr22	30401201	30401400	17_EnhW2	5988
chr22	30407651	30407652	rs41161	chr22	30401201	30401400	17_EnhW2	6252
chr22	30413338	30413339	rs41165	chr22	30401201	30401400	17_EnhW2	11939
chr22	30418160	30418161	rs41168	chr22	30432401	30433000	17_EnhW2	14241
chr22	30421065	30421066	rs41170	chr22	30432401	30433000	17_EnhW2	11336
chr22	30422106	30422107	rs41171	chr22	30432401	30433000	17_EnhW2	10295
chr22	30424862	30424863	rs41173	chr22	30432401	30433000	17_EnhW2	7539
chr22	30432402	30432403	rs41176	chr22	30432401	30433000	17_EnhW2	0
chr22	30447304	30447305	rs193471	chr22	30441201	30441400	17_EnhW2	5905
chr22	30449093	30449094	rs193474	chr22	30441201	30441400	17_EnhW2	7694
chr22	30450491	30450492	rs193475	chr22	30441201	30441400	17_EnhW2	9092
chr22	30450520	30450521	rs193476	chr22	30441201	30441400	17_EnhW2	9121
chr22	30460433	30460434	rs5763751	chr22	30441201	30441400	17_EnhW2	19034
chr22	30462626	30462627	rs144263283	chr22	30483401	30483600	18_EnhAc	20775
chr22	30472253	30472254	rs1989870	chr22	30483401	30483600	18_EnhAc	11148
chr22	30472747	30472748	rs5753008	chr22	30483401	30483600	18_EnhAc	10654
chr22	30477588	30477589	rs4820827	chr22	30483401	30483600	18_EnhAc	5813
chr22	30503006	30503007	rs5763775	chr22	30501201	30501400	17_EnhW2	1607
chr22	30504651	30504652	rs5763779	chr22	30505401	30505600	18_EnhAc	750
chr22	30507357	30507358	rs7287570	chr22	30505401	30505600	18_EnhAc	1758
chr22	30519413	30519414	rs4823076	chr22	30523401	30523600	15_EnhAF	3988
chr22	30519824	30519825	rs2412972	chr22	30523401	30523600	15_EnhAF	3577
chr22	30522412	30522413	rs5763790	chr22	30523401	30523600	15_EnhAF	989
chr22	30530124	30530125	rs5763797	chr22	30524201	30524800	18_EnhAc	5325
chr22	30531090	30531091	rs4820830	chr22	30524201	30524800	18_EnhAc	6291
chr22	30533064	30533065	rs2899147	chr22	30540801	30541000	16_EnhW1	7737
chr22	30542156	30542157	rs5753025	chr22	30540801	30541000	16_EnhW1	1157
chr22	30544515	30544516	rs1468176	chr22	30540801	30541000	16_EnhW1	3516
chr22	30552510	30552511	rs4336042	chr22	30555001	30555400	15_EnhAF	2491
chr22	30567906	30567907	rs2412976	chr22	30556401	30556600	15_EnhAF	11307
chr22	30568737	30568738	rs5763842	chr22	30579401	30579600	17_EnhW2	10664
chr22	30573551	30573552	rs1548389	chr22	30579401	30579600	17_EnhW2	5850
chr22	30581721	30581722	rs5753037	chr22	30580601	30580800	17_EnhW2	922
chr22	30590014	30590015	rs73164755	chr22	30590201	30590400	18_EnhAc	187
chr22	30591168	30591169	rs1807711	chr22	30590801	30592400	13_EnhA1	0
chr22	30594803	30594804	rs5844899	chr22	30594801	30595000	18_EnhAc	0
chr22	37581484	37581485	rs229527	chr22	37582601	37582800	17_EnhW2	1117
chr22	37581676	37581677	rs229528	chr22	37582601	37582800	17_EnhW2	925
chr22	37583732	37583733	rs5845323	chr22	37583201	37583400	13_EnhA1	333
chr22	37585735	37585736	rs229531	chr22	37585401	37585800	15_EnhAF	0
chr22	37586671	37586672	rs2858483	chr22	37585801	37586200	17_EnhW2	472
chr22	37586675	37586676	rs2858484	chr22	37585801	37586200	17_EnhW2	476
chr22	37587110	37587111	rs229533	chr22	37585801	37586200	17_EnhW2	911
chr22	37589868	37589869	rs229536	chr22	37592201	37592600	17_EnhW2	2333
chr22	37591289	37591290	rs229540	chr22	37592201	37592600	17_EnhW2	912
chr22	37591317	37591318	rs229541	chr22	37592201	37592600	17_EnhW2	884
chr22	37592105	37592106	rs229542	chr22	37592201	37592600	17_EnhW2	96
chr22	37592503	37592504	rs64547	chr22	37592201	37592600	17_EnhW2	0
chr22	37593079	37593080	rs229544	chr22	37593001	37593200	14_EnhA2	0
chr22	37599064	37599065	rs229562	chr22	37596001	37596200	16_EnhW1	2865
chr3	926344	926345	rs115061173	chr3	1128401	1128600	16_EnhW1	202057
chr3	11910634	11910635	rs142823282	chr3	11889001	11889200	16_EnhW1	21435
chr3	36487569	36487570	rs147601862	chr3	36487001	36487200	17_EnhW2	370
chr3	36566311	36566312	rs116216059	chr3	36566201	36566600	15_EnhAF	0
chr3	36582390	36582391	rs75920017	chr3	36583201	36583800	17_EnhW2	811
chr3	36814112	36814113	rs78594296	chr3	36816001	36816200	17_EnhW2	1889
chr3	36823991	36823992	rs116344127	chr3	36825401	36825800	17_EnhW2	1410
chr3	36827910	36827911	rs114284659	chr3	36826401	36826600	17_EnhW2	1311
chr3	36827938	36827939	rs140081851	chr3	36826401	36826600	17_EnhW2	1339
chr3	36828846	36828847	rs150398141	chr3	36826401	36826600	17_EnhW2	2247
chr3	49385365	49385366	rs71077794	chr3	49385001	49385200	17_EnhW2	166
chr3	49385416	49385417	rs13086611	chr3	49385001	49385200	17_EnhW2	217
chr3	49386335	49386336	rs199933423	chr3	49385001	49385200	17_EnhW2	1136
chr3	49389841	49389842	rs17080528	chr3	49388401	49390400	13_EnhA1	0
chr3	49391081	49391082	rs13090388	chr3	49390401	49390800	15_EnhAF	282
chr3	49391239	49391240	rs11711536	chr3	49390401	49390800	15_EnhAF	440
chr3	49394833	49394834	rs1050450	chr3	49390401	49390800	15_EnhAF	4034
chr3	49395756	49395757	rs1800668	chr3	49390401	49390800	15_EnhAF	4957
chr3	49396359	49396360	rs3811699	chr3	49390401	49390800	15_EnhAF	5560
chr3	49399258	49399259	rs1987628	chr3	49390401	49390800	15_EnhAF	8459
chr3	49405163	49405164	rs67485053	chr3	49390401	49390800	15_EnhAF	14364
chr3	49406707	49406708	rs148734725	chr3	49390401	49390800	15_EnhAF	15908
chr3	49407659	49407660	rs34588335	chr3	49390401	49390800	15_EnhAF	16860
chr3	49408973	49408974	rs13087851	chr3	49390401	49390800	15_EnhAF	18174
chr3	49412558	49412559	rs6809216	chr3	49390401	49390800	15_EnhAF	21759
chr3	49414790	49414791	rs7623659	chr3	49390401	49390800	15_EnhAF	23991
chr3	49416824	49416825	rs7648841	chr3	49390401	49390800	15_EnhAF	26025
chr3	49417242	49417243	rs6446264	chr3	49390401	49390800	15_EnhAF	26443
chr3	49418852	49418853	rs34190698	chr3	49390401	49390800	15_EnhAF	28053
chr3	49423273	49423274	rs35169793	chr3	49451401	49451600	14_EnhA2	28128
chr3	49424282	49424283	rs6793308	chr3	49451401	49451600	14_EnhA2	27119
chr3	49425196	49425197	rs36093993	chr3	49451401	49451600	14_EnhA2	26205
chr3	49427318	49427319	rs111903592	chr3	49451401	49451600	14_EnhA2	24083
chr3	49428837	49428838	rs71627384	chr3	49451401	49451600	14_EnhA2	22564
chr3	49431159	49431160	rs7650253	chr3	49451401	49451600	14_EnhA2	20242
chr3	49431852	49431853	rs11716974	chr3	49451401	49451600	14_EnhA2	19549
chr3	49432534	49432535	rs71627385	chr3	49451401	49451600	14_EnhA2	18867
chr3	49434653	49434654	rs9878943	chr3	49451401	49451600	14_EnhA2	16748
chr3	49435644	49435645	rs71080505	chr3	49451401	49451600	14_EnhA2	15757
chr3	49436814	49436815	rs11400251	chr3	49451401	49451600	14_EnhA2	14587
chr3	49438220	49438221	rs9871380	chr3	49451401	49451600	14_EnhA2	13181
chr3	49441090	49441091	rs11706370	chr3	49451401	49451600	14_EnhA2	10311
chr3	49446100	49446101	rs60933862	chr3	49451401	49451600	14_EnhA2	5301
chr3	49450448	49450449	rs6779524	chr3	49451401	49451600	14_EnhA2	953
chr3	49453833	49453834	rs6997	chr3	49451401	49451600	14_EnhA2	2234
chr3	49454111	49454112	rs9814873	chr3	49451401	49451600	14_EnhA2	2512
chr3	49454276	49454277	rs10640	chr3	49451401	49451600	14_EnhA2	2677
chr3	49455329	49455330	rs11715915	chr3	49458001	49458200	15_EnhAF	2672
chr3	49455985	49455986	rs9859556	chr3	49458001	49458200	15_EnhAF	2016
chr3	49456110	49456111	rs35024166	chr3	49458001	49458200	15_EnhAF	1891
chr3	49458354	49458355	rs11922013	chr3	49458201	49458800	13_EnhA1	0
chr3	49463286	49463287	rs6446272	chr3	49465601	49466200	16_EnhW1	2315
chr3	49470667	49470668	rs7646366	chr3	49465601	49466200	16_EnhW1	4468
chr3	49473076	49473077	rs6446277	chr3	49465601	49466200	16_EnhW1	6877
chr3	49475154	49475155	rs35115732	chr3	49480801	49481000	16_EnhW1	5647
chr3	49477465	49477466	rs13079643	chr3	49480801	49481000	16_EnhW1	3336
chr3	49478988	49478989	rs35200461	chr3	49480801	49481000	16_EnhW1	1813
chr3	49487486	49487487	rs71324962	chr3	49486401	49486800	16_EnhW1	687
chr3	49490022	49490023	rs34465751	chr3	49492001	49492400	17_EnhW2	1979
chr3	49490188	49490189	rs60482815	chr3	49492001	49492400	17_EnhW2	1813
chr3	49492480	49492481	rs9841110	chr3	49492401	49493000	16_EnhW1	0
chr3	49493150	49493151	rs67216675	chr3	49493001	49494200	17_EnhW2	0
chr3	49500038	49500039	rs72369296	chr3	49499801	49500000	16_EnhW1	39
chr3	49504094	49504095	rs6767355	chr3	49506201	49506400	16_EnhW1	2107
chr3	49512587	49512588	rs9853683	chr3	49506201	49506400	16_EnhW1	6188
chr3	49513909	49513910	rs12330269	chr3	49506201	49506400	16_EnhW1	7510
chr3	49514763	49514764	rs9827021	chr3	49506201	49506400	16_EnhW1	8364
chr3	49515972	49515973	rs34893377	chr3	49506201	49506400	16_EnhW1	9573
chr3	49518298	49518299	rs71615484	chr3	49506201	49506400	16_EnhW1	11899
chr3	49522542	49522543	rs7630869	chr3	49530801	49531000	17_EnhW2	8259
chr3	49525095	49525096	rs9818590	chr3	49530801	49531000	17_EnhW2	5706
chr3	49525957	49525958	rs11719996	chr3	49530801	49531000	17_EnhW2	4844
chr3	49529481	49529482	rs9850072	chr3	49530801	49531000	17_EnhW2	1320
chr3	49536146	49536147	rs138073019	chr3	49537401	49537600	15_EnhAF	1255
chr3	49537711	49537712	rs34363169	chr3	49537601	49538000	13_EnhA1	0
chr3	49537838	49537839	rs35261698	chr3	49537601	49538000	13_EnhA1	0
chr3	49538931	49538932	rs6766131	chr3	49538401	49539200	13_EnhA1	0
chr3	49539221	49539222	rs6797664	chr3	49538401	49539200	13_EnhA1	22
chr3	49539400	49539401	rs6766581	chr3	49538401	49539200	13_EnhA1	201
chr3	49540113	49540114	rs11708955	chr3	49538401	49539200	13_EnhA1	914
chr3	49540151	49540152	rs11712569	chr3	49538401	49539200	13_EnhA1	952
chr3	49542272	49542273	rs10212296	chr3	49538401	49539200	13_EnhA1	3073
chr3	49542397	49542398	rs71080526	chr3	49538401	49539200	13_EnhA1	3198
chr3	49543287	49543288	rs9858418	chr3	49538401	49539200	13_EnhA1	4088
chr3	49543655	49543656	rs9821311	chr3	49538401	49539200	13_EnhA1	4456
chr3	49547560	49547561	rs7622302	chr3	49538401	49539200	13_EnhA1	8361
chr3	49552268	49552269	rs138689783	chr3	49556201	49557000	15_EnhAF	3933
chr3	49555962	49555963	rs7633271	chr3	49556201	49557000	15_EnhAF	239
chr3	49558715	49558716	rs3926569	chr3	49557801	49558000	17_EnhW2	716
chr3	49559484	49559485	rs13062429	chr3	49557801	49558000	17_EnhW2	1485
chr3	49563455	49563456	rs34196454	chr3	49557801	49558000	17_EnhW2	5456
chr3	49570199	49570200	rs1801143	chr3	49572001	49572400	17_EnhW2	1802
chr3	49572139	49572140	rs4625	chr3	49572001	49572400	17_EnhW2	0
chr3	49574807	49574808	rs13079082	chr3	49573201	49574200	17_EnhW2	608
chr3	49575154	49575155	rs140523972	chr3	49573201	49574200	17_EnhW2	955
chr3	49575366	49575367	rs11130203	chr3	49573201	49574200	17_EnhW2	1167
chr3	49577049	49577050	rs10582618	chr3	49577001	49577200	16_EnhW1	0
chr3	49579016	49579017	rs34293138	chr3	49578201	49578400	16_EnhW1	617
chr3	49590769	49590770	rs3811697	chr3	49590601	49590800	17_EnhW2	0
chr3	49597012	49597013	rs9837027	chr3	49590801	49591000	16_EnhW1	6013
chr3	49597229	49597230	rs35999162	chr3	49590801	49591000	16_EnhW1	6230
chr3	49597736	49597737	rs9858280	chr3	49590801	49591000	16_EnhW1	6737
chr3	49603288	49603289	rs11926781	chr3	49590801	49591000	16_EnhW1	12289
chr3	49610222	49610223	rs34427167	chr3	49590801	49591000	16_EnhW1	19223
chr3	49611456	49611457	rs11713474	chr3	49590801	49591000	16_EnhW1	20457
chr3	49611662	49611663	rs33999608	chr3	49590801	49591000	16_EnhW1	20663
chr3	49619650	49619651	rs71324979	chr3	49647001	49648600	17_EnhW2	27351
chr3	49624376	49624377	rs9811982	chr3	49647001	49648600	17_EnhW2	22625
chr3	49627288	49627289	rs36106925	chr3	49647001	49648600	17_EnhW2	19713
chr3	49634695	49634696	rs9875617	chr3	49647001	49648600	17_EnhW2	12306
chr3	49635353	49635354	rs11720597	chr3	49647001	49648600	17_EnhW2	11648
chr3	49638089	49638090	rs147141470	chr3	49647001	49648600	17_EnhW2	8912
chr3	49642429	49642430	rs13064576	chr3	49647001	49648600	17_EnhW2	4572
chr3	49643181	49643182	rs369849874	chr3	49647001	49648600	17_EnhW2	3820
chr3	49644011	49644012	rs11917431	chr3	49647001	49648600	17_EnhW2	2990
chr3	49644192	49644193	rs11921590	chr3	49647001	49648600	17_EnhW2	2809
chr3	49649988	49649989	rs9827708	chr3	49647001	49648600	17_EnhW2	1389
chr3	49650394	49650395	rs7614725	chr3	49647001	49648600	17_EnhW2	1795
chr3	49651209	49651210	rs9833611	chr3	49653001	49653400	17_EnhW2	1792
chr3	49654733	49654734	rs11272058	chr3	49653401	49654600	15_EnhAF	134
chr3	49664766	49664767	rs9837341	chr3	49653401	49654600	15_EnhAF	10167
chr3	49665975	49665976	rs6803222	chr3	49675801	49676400	16_EnhW1	9826
chr3	49666963	49666964	rs1873625	chr3	49675801	49676400	16_EnhW1	8838
chr3	49674146	49674147	rs9824092	chr3	49675801	49676400	16_EnhW1	1655
chr3	49674457	49674458	rs9862080	chr3	49675801	49676400	16_EnhW1	1344
chr3	49675333	49675334	rs11710037	chr3	49675801	49676400	16_EnhW1	468
chr3	49678306	49678307	rs2172252	chr3	49676401	49676600	17_EnhW2	1707
chr3	49678650	49678651	rs4283605	chr3	49676401	49676600	17_EnhW2	2051
chr3	49682310	49682311	rs9812791	chr3	49676401	49676600	17_EnhW2	5711
chr3	49684916	49684917	rs13316695	chr3	49676401	49676600	17_EnhW2	8317
chr3	49686681	49686682	rs6770670	chr3	49676401	49676600	17_EnhW2	10082
chr3	49689209	49689210	rs34762726	chr3	49676401	49676600	17_EnhW2	12610
chr3	49690495	49690496	rs11709525	chr3	49704001	49704600	17_EnhW2	13506
chr3	49696796	49696797	rs11718165	chr3	49704001	49704600	17_EnhW2	7205
chr3	49697458	49697459	rs9836291	chr3	49704001	49704600	17_EnhW2	6543
chr3	49701982	49701983	rs9858542	chr3	49704001	49704600	17_EnhW2	2019
chr3	49702483	49702484	rs9882740	chr3	49704001	49704600	17_EnhW2	1518
chr3	49705511	49705512	rs9823546	chr3	49705401	49706800	17_EnhW2	0
chr3	49710478	49710479	rs13093385	chr3	49705401	49706800	17_EnhW2	3679
chr3	49710517	49710518	rs66906465	chr3	49705401	49706800	17_EnhW2	3718
chr3	49712296	49712297	rs11130213	chr3	49705401	49706800	17_EnhW2	5497
chr3	49714224	49714225	rs1131095	chr3	49705401	49706800	17_EnhW2	7425
chr3	49719728	49719729	rs9822268	chr3	49724001	49724800	16_EnhW1	4273
chr3	49721531	49721532	rs3197999	chr3	49724001	49724800	16_EnhW1	2470
chr3	49721797	49721798	rs13085791	chr3	49724001	49724800	16_EnhW1	2204
chr3	49730624	49730625	rs9852529	chr3	49726001	49726200	16_EnhW1	4425
chr3	49731860	49731861	rs9858213	chr3	49736401	49737000	16_EnhW1	4541
chr4	26085479	26085480	rs34185821	chr4	26085401	26085600	16_EnhW1	0
chr4	26085510	26085511	rs10517086	chr4	26085401	26085600	16_EnhW1	0
chr4	26086568	26086569	rs17630466	chr4	26086401	26087400	17_EnhW2	0
chr4	26088127	26088128	rs16878091	chr4	26088601	26089200	14_EnhA2	474
chr4	26090374	26090375	rs7441808	chr4	26090201	26090800	14_EnhA2	0
chr4	26090861	26090862	rs932036	chr4	26090801	26091000	17_EnhW2	0
chr4	26091197	26091198	rs4473645	chr4	26090801	26091000	17_EnhW2	198
chr4	26095313	26095314	rs35944082	chr4	26090801	26091000	17_EnhW2	4314
chr4	26098081	26098082	rs10688287	chr4	26090801	26091000	17_EnhW2	7082
chr4	26098809	26098810	rs6448432	chr4	26090801	26091000	17_EnhW2	7810
chr4	26104112	26104113	rs12506688	chr4	26107001	26109000	17_EnhW2	2889
chr4	26108196	26108197	rs874040	chr4	26107001	26109000	17_EnhW2	0
chr4	26110112	26110113	rs6448434	chr4	26107001	26109000	17_EnhW2	1113
chr4	26111592	26111593	rs34046593	chr4	26107001	26109000	17_EnhW2	2593
chr4	26114045	26114046	rs6848239	chr4	26107001	26109000	17_EnhW2	5046
chr4	26115746	26115747	rs34897565	chr4	26107001	26109000	17_EnhW2	6747
chr4	26120000	26120001	rs11933540	chr4	26107001	26109000	17_EnhW2	11001
chr4	26120327	26120328	rs36020664	chr4	26107001	26109000	17_EnhW2	11328
chr4	26120477	26120478	rs36110812	chr4	26107001	26109000	17_EnhW2	11478
chr4	26122857	26122858	rs6825116	chr4	26107001	26109000	17_EnhW2	13858
chr4	26123318	26123319	rs7668577	chr4	26107001	26109000	17_EnhW2	14319
chr4	26125937	26125938	rs79004320	chr4	26141001	26141200	15_EnhAF	15064
chr4	26126837	26126838	rs7673206	chr4	26141001	26141200	15_EnhAF	14164
chr4	26128147	26128148	rs35844597	chr4	26141001	26141200	15_EnhAF	12854
chr4	26128709	26128710	rs35858516	chr4	26141001	26141200	15_EnhAF	12292
chr4	71227551	71227552	rs190999954	chr4	71381201	71381800	17_EnhW2	153650
chr4	71275908	71275909	rs149799302	chr4	71381201	71381800	17_EnhW2	105293
chr4	71287191	71287192	rs186944081	chr4	71381201	71381800	17_EnhW2	94010
chr4	71300523	71300524	rs181852575	chr4	71381201	71381800	17_EnhW2	80678
chr4	71313921	71313922	rs180727790	chr4	71381201	71381800	17_EnhW2	67280
chr4	71336264	71336265	rs181976603	chr4	71381201	71381800	17_EnhW2	44937
chr4	71358775	71358776	rs191449639	chr4	71381201	71381800	17_EnhW2	22426
chr4	71374521	71374522	rs148551645	chr4	71381201	71381800	17_EnhW2	6680
chr4	71465852	71465853	rs184986363	chr4	71469201	71469400	15_EnhAF	3349
chr4	122310710	122310711	rs507043	chr4	122296201	122296800	17_EnhW2	13911
chr4	122311022	122311023	rs55813987	chr4	122296201	122296800	17_EnhW2	14223
chr4	122311737	122311738	rs691437	chr4	122296201	122296800	17_EnhW2	14938
chr4	122313541	122313542	rs34689962	chr4	122296201	122296800	17_EnhW2	16742
chr4	122314039	122314040	rs7679475	chr4	122296201	122296800	17_EnhW2	17240
chr4	122314267	122314268	rs7680368	chr4	122296201	122296800	17_EnhW2	17468
chr4	122314464	122314465	rs7680764	chr4	122296201	122296800	17_EnhW2	17665
chr4	122314784	122314785	rs1513695	chr4	122296201	122296800	17_EnhW2	17985
chr4	122344089	122344090	rs480256	chr4	122350001	122350200	17_EnhW2	5912
chr4	122353706	122353707	rs498307	chr4	122350001	122350200	17_EnhW2	3507
chr4	122358445	122358446	rs71629502	chr4	122350001	122350200	17_EnhW2	8246
chr4	122359101	122359102	rs691028	chr4	122350001	122350200	17_EnhW2	8902
chr4	123067807	123067808	rs56035021	chr4	123072201	123072400	16_EnhW1	4394
chr4	123069664	123069665	rs140838728	chr4	123072201	123072400	16_EnhW1	2537
chr4	123076006	123076007	rs112481526	chr4	123072201	123072400	16_EnhW1	3607
chr4	123076894	123076895	rs62323898	chr4	123072201	123072400	16_EnhW1	4495
chr4	123086688	123086689	rs11728282	chr4	123091601	123092000	18_EnhAc	4913
chr4	123087956	123087957	rs10857090	chr4	123091601	123092000	18_EnhAc	3645
chr4	123116861	123116862	rs55969942	chr4	123091601	123092000	18_EnhAc	24862
chr4	123116994	123116995	rs55904957	chr4	123091601	123092000	18_EnhAc	24995
chr4	123125528	123125529	rs35389566	chr4	123157801	123158000	18_EnhAc	32273
chr4	123126449	123126450	rs7671357	chr4	123157801	123158000	18_EnhAc	31352
chr4	123132491	123132492	rs4505848	chr4	123157801	123158000	18_EnhAc	25310
chr4	123134055	123134056	rs5861560	chr4	123157801	123158000	18_EnhAc	23746
chr4	123141053	123141054	rs45605540	chr4	123157801	123158000	18_EnhAc	16748
chr4	123146224	123146225	rs7664452	chr4	123157801	123158000	18_EnhAc	11577
chr4	123184410	123184411	rs6827756	chr4	123158001	123158200	15_EnhAF	26211
chr4	123188500	123188501	rs72687044	chr4	123158001	123158200	15_EnhAF	30301
chr4	123193869	123193870	rs13147049	chr4	123158001	123158200	15_EnhAF	35670
chr4	123198434	123198435	rs6534347	chr4	123234201	123234400	17_EnhW2	35767
chr4	123215380	123215381	rs28854492	chr4	123234201	123234400	17_EnhW2	18821
chr4	123228232	123228233	rs34834002	chr4	123234201	123234400	17_EnhW2	5969
chr4	123235582	123235583	rs7693745	chr4	123234201	123234400	17_EnhW2	1183
chr4	123243594	123243595	rs77516441	chr4	123251001	123252200	13_EnhA1	7407
chr4	123243595	123243596	rs75793288	chr4	123251001	123252200	13_EnhA1	7406
chr4	123254456	123254457	rs28454948	chr4	123251001	123252200	13_EnhA1	2257
chr4	123264484	123264485	rs7699742	chr4	123263201	123263400	17_EnhW2	1085
chr4	123271667	123271668	rs11722421	chr4	123267201	123267400	17_EnhW2	4268
chr4	123283165	123283166	rs33976078	chr4	123267201	123267400	17_EnhW2	15766
chr4	123286226	123286227	rs11727369	chr4	123267201	123267400	17_EnhW2	18827
chr4	123316075	123316076	rs4145717	chr4	123267201	123267400	17_EnhW2	48676
chr4	123329361	123329362	rs17388568	chr4	123267201	123267400	17_EnhW2	61962
chr4	123333176	123333177	rs12499753	chr4	123267201	123267400	17_EnhW2	65777
chr4	123336917	123336918	rs1904522	chr4	123402601	123403000	17_EnhW2	65684
chr4	123342113	123342114	rs55896948	chr4	123402601	123403000	17_EnhW2	60488
chr4	123351924	123351925	rs716501	chr4	123402601	123403000	17_EnhW2	50677
chr4	123355922	123355923	rs35914000	chr4	123402601	123403000	17_EnhW2	46679
chr4	123357199	123357200	rs35992476	chr4	123402601	123403000	17_EnhW2	45402
chr4	123363028	123363029	rs56360035	chr4	123402601	123403000	17_EnhW2	39573
chr4	123363108	123363109	rs56267605	chr4	123402601	123403000	17_EnhW2	39493
chr4	123369608	123369609	rs201847361	chr4	123402601	123403000	17_EnhW2	32993
chr4	123369775	123369776	rs3136534	chr4	123402601	123403000	17_EnhW2	32826
chr4	123373132	123373133	rs2069772	chr4	123402601	123403000	17_EnhW2	29469
chr4	123377481	123377482	rs2069763	chr4	123402601	123403000	17_EnhW2	25120
chr4	123386012	123386013	rs58939053	chr4	123402601	123403000	17_EnhW2	16589
chr4	123386719	123386720	rs45599938	chr4	123402601	123403000	17_EnhW2	15882
chr4	123396027	123396028	rs11098659	chr4	123402601	123403000	17_EnhW2	6574
chr4	123398147	123398148	rs45454992	chr4	123402601	123403000	17_EnhW2	4454
chr4	123401768	123401769	rs75925700	chr4	123402601	123403000	17_EnhW2	833
chr4	123401769	123401770	rs79137732	chr4	123402601	123403000	17_EnhW2	832
chr4	123417563	123417564	rs148505069	chr4	123403401	123403800	16_EnhW1	13764
chr4	123418334	123418335	rs145328318	chr4	123403401	123403800	16_EnhW1	14535
chr4	123420094	123420095	rs4438772	chr4	123403401	123403800	16_EnhW1	16295
chr4	123425784	123425785	rs11725823	chr4	123403401	123403800	16_EnhW1	21985
chr4	123431997	123431998	rs72669154	chr4	123403401	123403800	16_EnhW1	28198
chr4	123445046	123445047	rs147909357	chr4	123463201	123463400	17_EnhW2	18155
chr4	123448561	123448562	rs4380538	chr4	123463201	123463400	17_EnhW2	14640
chr4	123452230	123452231	rs59867199	chr4	123463201	123463400	17_EnhW2	10971
chr4	123456456	123456457	rs62322747	chr4	123463201	123463400	17_EnhW2	6745
chr4	123460114	123460115	rs72669165	chr4	123463201	123463400	17_EnhW2	3087
chr4	123471664	123471665	rs11729811	chr4	123464201	123464400	17_EnhW2	7265
chr4	123472815	123472816	rs72669172	chr4	123464201	123464400	17_EnhW2	8416
chr4	123475978	123475979	rs45485691	chr4	123464201	123464400	17_EnhW2	11579
chr4	123492416	123492417	rs146583707	chr4	123499401	123500200	16_EnhW1	6985
chr4	123541340	123541341	rs6836189	chr4	123538801	123539000	16_EnhW1	2341
chr4	123560938	123560939	rs62324212	chr4	123545801	123546600	17_EnhW2	14339
chr4	166558980	166558981	rs1246906	chr4	166583001	166583600	18_EnhAc	24021
chr4	166560582	166560583	rs1246904	chr4	166583001	166583600	18_EnhAc	22419
chr4	166561919	166561920	rs6536925	chr4	166583001	166583600	18_EnhAc	21082
chr4	166563992	166563993	rs5863763	chr4	166583001	166583600	18_EnhAc	19009
chr4	166564088	166564089	rs2253129	chr4	166583001	166583600	18_EnhAc	18913
chr4	166564416	166564417	rs2322266	chr4	166583001	166583600	18_EnhAc	18585
chr4	166564616	166564617	rs4376099	chr4	166583001	166583600	18_EnhAc	18385
chr4	166565408	166565409	rs4511957	chr4	166583001	166583600	18_EnhAc	17593
chr4	166565848	166565849	rs2714828	chr4	166583001	166583600	18_EnhAc	17153
chr4	166567706	166567707	rs2714829	chr4	166583001	166583600	18_EnhAc	15295
chr4	166567843	166567844	rs11451709	chr4	166583001	166583600	18_EnhAc	15158
chr4	166567946	166567947	rs2714833	chr4	166583001	166583600	18_EnhAc	15055
chr4	166568731	166568732	rs2714834	chr4	166583001	166583600	18_EnhAc	14270
chr4	166569386	166569387	rs2611221	chr4	166583001	166583600	18_EnhAc	13615
chr4	166570868	166570869	rs2611219	chr4	166583001	166583600	18_EnhAc	12133
chr4	166572483	166572484	rs2611216	chr4	166583001	166583600	18_EnhAc	10518
chr4	166572647	166572648	rs2714837	chr4	166583001	166583600	18_EnhAc	10354
chr4	166574266	166574267	rs2611215	chr4	166583001	166583600	18_EnhAc	8735
chr4	166574758	166574759	rs2714839	chr4	166583001	166583600	18_EnhAc	8243
chr4	166574886	166574887	rs11378254	chr4	166583001	166583600	18_EnhAc	8115
chr4	166575438	166575439	rs2611211	chr4	166583001	166583600	18_EnhAc	7563
chr4	183745320	183745321	rs7660520	chr4	183730601	183730800	17_EnhW2	14521
chr4	183746486	183746487	rs4862108	chr4	183730601	183730800	17_EnhW2	15687
chr4	183746563	183746564	rs4557317	chr4	183730601	183730800	17_EnhW2	15764
chr4	183747204	183747205	rs4516762	chr4	183730601	183730800	17_EnhW2	16405
chr4	183747541	183747542	rs66824909	chr4	183730601	183730800	17_EnhW2	16742
chr4	183747586	183747587	rs78790827	chr4	183730601	183730800	17_EnhW2	16787
chr4	183747787	183747788	rs6552607	chr4	183730601	183730800	17_EnhW2	16988
chr4	183748002	183748003	rs66754540	chr4	183730601	183730800	17_EnhW2	17203
chr4	183748509	183748510	rs13119036	chr4	183730601	183730800	17_EnhW2	17710
chr4	183748559	183748560	rs72629641	chr4	183730601	183730800	17_EnhW2	17760
chr4	183748920	183748921	rs369288707	chr4	183730601	183730800	17_EnhW2	18121
chr4	183749325	183749326	rs6856884	chr4	183730601	183730800	17_EnhW2	18526
chr4	183750068	183750069	rs11943322	chr4	183730601	183730800	17_EnhW2	19269
chr4	183750223	183750224	rs12642670	chr4	183730601	183730800	17_EnhW2	19424
chr4	183750773	183750774	rs7663525	chr4	183730601	183730800	17_EnhW2	19974
chr4	183751037	183751038	rs4862111	chr4	183730601	183730800	17_EnhW2	20238
chr5	35805207	35805208	rs991570	chr5	35803401	35803800	16_EnhW1	1408
chr5	35807454	35807455	rs7736291	chr5	35803401	35803800	16_EnhW1	3655
chr5	35810267	35810268	rs716302	chr5	35803401	35803800	16_EnhW1	6468
chr5	35810560	35810561	rs1961426	chr5	35803401	35803800	16_EnhW1	6761
chr5	35811281	35811282	rs4869672	chr5	35803401	35803800	16_EnhW1	7482
chr5	35811767	35811768	rs1494572	chr5	35803401	35803800	16_EnhW1	7968
chr5	35811972	35811973	rs4869485	chr5	35803401	35803800	16_EnhW1	8173
chr5	35812413	35812414	rs13436632	chr5	35803401	35803800	16_EnhW1	8614
chr5	35813944	35813945	rs34553306	chr5	35803401	35803800	16_EnhW1	10145
chr5	35827356	35827357	rs35255204	chr5	35828001	35828400	15_EnhAF	645
chr5	35827645	35827646	rs903388	chr5	35828001	35828400	15_EnhAF	356
chr5	35827664	35827665	rs903389	chr5	35828001	35828400	15_EnhAF	337
chr5	35830356	35830357	rs11950647	chr5	35828401	35828600	17_EnhW2	1757
chr5	35833267	35833268	rs11953434	chr5	35828401	35828600	17_EnhW2	4668
chr5	35857587	35857588	rs10624573	chr5	35857801	35858800	13_EnhA1	214
chr5	35866217	35866218	rs6451229	chr5	35862601	35862800	15_EnhAF	3418
chr5	35880856	35880857	rs10058572	chr5	35883401	35883800	17_EnhW2	2545
chr5	35883175	35883176	rs11957503	chr5	35883401	35883800	17_EnhW2	226
chr5	35883250	35883251	rs11954020	chr5	35883401	35883800	17_EnhW2	151
chr5	35883756	35883757	rs2194226	chr5	35883401	35883800	17_EnhW2	0
chr5	35883803	35883804	rs2194225	chr5	35883801	35884800	14_EnhA2	0
chr5	35884206	35884207	rs34143578	chr5	35883801	35884800	14_EnhA2	0
chr5	35926340	35926341	rs11948151	chr5	35926201	35926400	16_EnhW1	0
chr5	35926576	35926577	rs34876168	chr5	35926201	35926400	16_EnhW1	177
chr5	40486895	40486896	rs7720838	chr5	40490601	40491200	16_EnhW1	3706
chr5	40487269	40487270	rs7725052	chr5	40490601	40491200	16_EnhW1	3332
chr5	40488685	40488686	rs10073277	chr5	40490601	40491200	16_EnhW1	1916
chr5	40489394	40489395	rs10713117	chr5	40490601	40491200	16_EnhW1	1207
chr5	40490608	40490609	rs9283753	chr5	40490601	40491200	16_EnhW1	0
chr5	40490789	40490790	rs10440635	chr5	40490601	40491200	16_EnhW1	0
chr5	40492654	40492655	rs7714574	chr5	40490601	40491200	16_EnhW1	1455
chr5	40522211	40522212	rs10941516	chr5	40498801	40499000	17_EnhW2	23212
chr5	40524859	40524860	rs12186979	chr5	40498801	40499000	17_EnhW2	25860
chr5	55444682	55444683	rs7731626	chr5	55448201	55448600	17_EnhW2	3519
chr5	71394386	71394387	rs115829748	chr5	71392401	71392800	17_EnhW2	1587
chr5	121772707	121772708	rs6893395	chr5	121775001	121775800	17_EnhW2	2294
chr5	121774581	121774582	rs149641852	chr5	121775001	121775800	17_EnhW2	420
chr5	121782800	121782801	rs142164275	chr5	121775001	121775800	17_EnhW2	7001
chr5	121808092	121808093	rs150345846	chr5	121808201	121808600	17_EnhW2	109
chr5	131590386	131590387	rs17516457	chr5	131590201	131591000	14_EnhA2	0
chr5	131607299	131607300	rs55722650	chr5	131601401	131601800	13_EnhA1	5500
chr5	131630851	131630852	rs35260072	chr5	131624601	131624800	17_EnhW2	6052
chr5	131638323	131638324	rs72795121	chr5	131646001	131646600	16_EnhW1	7678
chr5	131652528	131652529	rs11950562	chr5	131654201	131654400	17_EnhW2	1673
chr5	131664637	131664638	rs56083751	chr5	131663401	131663800	17_EnhW2	838
chr5	131672656	131672657	rs56399423	chr5	131663401	131663800	17_EnhW2	8857
chr5	131676319	131676320	rs1050152	chr5	131663401	131663800	17_EnhW2	12520
chr5	131677046	131677047	rs11242109	chr5	131663401	131663800	17_EnhW2	13247
chr5	131677641	131677642	rs10075801	chr5	131663401	131663800	17_EnhW2	13842
chr5	131686145	131686146	rs10058074	chr5	131698801	131699200	15_EnhAF	12656
chr5	131694076	131694077	rs4705938	chr5	131698801	131699200	15_EnhAF	4725
chr5	131705457	131705458	rs2631367	chr5	131707801	131708000	17_EnhW2	2344
chr5	131707428	131707429	rs2631360	chr5	131707801	131708000	17_EnhW2	373
chr5	131708876	131708877	rs10060615	chr5	131707801	131708000	17_EnhW2	877
chr5	131709032	131709033	rs112838960	chr5	131707801	131708000	17_EnhW2	1033
chr5	131710398	131710399	rs200838	chr5	131707801	131708000	17_EnhW2	2399
chr5	131717049	131717050	rs17622208	chr5	131721001	131721400	17_EnhW2	3952
chr5	131725328	131725329	rs11748193	chr5	131722601	131725400	13_EnhA1	0
chr5	131727032	131727033	rs11746555	chr5	131726001	131726400	15_EnhAF	633
chr5	131731325	131731326	rs12517950	chr5	131726001	131726400	15_EnhAF	4926
chr5	131733396	131733397	rs11739135	chr5	131726001	131726400	15_EnhAF	6997
chr5	131766775	131766776	rs147386065	chr5	131765601	131766000	17_EnhW2	776
chr5	131770804	131770805	rs2188962	chr5	131770001	131770800	17_EnhW2	5
chr5	131778451	131778452	rs17622378	chr5	131776001	131776200	15_EnhAF	2252
chr5	131784392	131784393	rs12521868	chr5	131782401	131782600	15_EnhAF	1793
chr5	131785683	131785684	rs12515180	chr5	131786601	131787600	17_EnhW2	918
chr5	131786454	131786455	rs146604341	chr5	131786601	131787600	17_EnhW2	147
chr5	131786594	131786595	rs11951091	chr5	131786601	131787600	17_EnhW2	7
chr5	131787136	131787137	rs6866614	chr5	131786601	131787600	17_EnhW2	0
chr5	131793285	131793286	rs4705950	chr5	131793001	131796000	13_EnhA1	0
chr5	131796162	131796163	rs72797303	chr5	131796001	131796400	17_EnhW2	0
chr5	131796808	131796809	rs2706396	chr5	131796001	131796400	17_EnhW2	409
chr5	131798486	131798487	rs2522052	chr5	131799401	131799600	17_EnhW2	915
chr5	131799011	131799012	rs2706403	chr5	131799401	131799600	17_EnhW2	390
chr5	131799960	131799961	rs2706336	chr5	131799601	131799800	14_EnhA2	161
chr5	131800749	131800750	rs72797306	chr5	131800801	131801200	13_EnhA1	52
chr5	131801946	131801947	rs2522057	chr5	131801601	131803200	13_EnhA1	0
chr5	131804346	131804347	rs2248116	chr5	131803801	131804400	17_EnhW2	0
chr5	131811181	131811182	rs11741255	chr5	131810801	131811200	15_EnhAF	0
chr5	131820996	131820997	rs17622656	chr5	131815001	131815400	17_EnhW2	5597
chr5	131826321	131826322	rs10900809	chr5	131827401	131827800	14_EnhA2	1080
chr5	131826412	131826413	rs11242115	chr5	131827401	131827800	14_EnhA2	989
chr5	131833598	131833599	rs736801	chr5	131834001	131834400	13_EnhA1	403
chr5	158827496	158827497	rs17454191	chr5	158858001	158858200	16_EnhW1	30505
chr5	158827533	158827534	rs56020020	chr5	158858001	158858200	16_EnhW1	30468
chr5	158827768	158827769	rs56167332	chr5	158858001	158858200	16_EnhW1	30233
chr5	158828224	158828225	rs747495	chr5	158858001	158858200	16_EnhW1	29777
chr5	158828479	158828480	rs2013718	chr5	158858001	158858200	16_EnhW1	29522
chr5	158829293	158829294	rs755374	chr5	158858001	158858200	16_EnhW1	28708
chr5	158832276	158832277	rs4921492	chr5	158858001	158858200	16_EnhW1	25725
chr5	158833534	158833535	rs12374547	chr5	158858001	158858200	16_EnhW1	24467
chr5	158834366	158834367	rs60689680	chr5	158858001	158858200	16_EnhW1	23635
chr5	158835182	158835183	rs10556150	chr5	158858001	158858200	16_EnhW1	22819
chr5	158835265	158835266	rs147305561	chr5	158858001	158858200	16_EnhW1	22736
chr5	158836106	158836107	rs4921493	chr5	158858001	158858200	16_EnhW1	21895
chr5	158836125	158836126	rs4921494	chr5	158858001	158858200	16_EnhW1	21876
chr5	158836580	158836581	rs12655757	chr5	158858001	158858200	16_EnhW1	21421
chr5	158839216	158839217	rs1422878	chr5	158858001	158858200	16_EnhW1	18785
chr5	158839511	158839512	rs1422877	chr5	158858001	158858200	16_EnhW1	18490
chr5	158839744	158839745	rs12651787	chr5	158858001	158858200	16_EnhW1	18257
chr5	158841469	158841470	rs10476296	chr5	158858001	158858200	16_EnhW1	16532
chr5	158843234	158843235	rs6863015	chr5	158858001	158858200	16_EnhW1	14767
chr5	158843252	158843253	rs6888061	chr5	158858001	158858200	16_EnhW1	14749
chr5	158844231	158844232	rs58368531	chr5	158858001	158858200	16_EnhW1	13770
chr5	158846605	158846606	rs72802188	chr5	158858001	158858200	16_EnhW1	11396
chr5	158848252	158848253	rs4921497	chr5	158858001	158858200	16_EnhW1	9749
chr5	158848432	158848433	rs4921498	chr5	158858001	158858200	16_EnhW1	9569
chr5	158849199	158849200	rs11743870	chr5	158858001	158858200	16_EnhW1	8802
chr5	158849635	158849636	rs10155584	chr5	158858001	158858200	16_EnhW1	8366
chr5	158849836	158849837	rs4921227	chr5	158858001	158858200	16_EnhW1	8165
chr5	158852430	158852431	rs10590941	chr5	158858001	158858200	16_EnhW1	5571
chr5	158852943	158852944	rs7714401	chr5	158858001	158858200	16_EnhW1	5058
chr5	158853940	158853941	rs2012830	chr5	158858001	158858200	16_EnhW1	4061
chr5	158856505	158856506	rs4921501	chr5	158858001	158858200	16_EnhW1	1496
chr5	158856512	158856513	rs4921228	chr5	158858001	158858200	16_EnhW1	1489
chr6	26344974	26344975	rs10946812	chr6	26342601	26342800	16_EnhW1	2175
chr6	26345140	26345141	rs10946813	chr6	26342601	26342800	16_EnhW1	2341
chr6	26350494	26350495	rs6935803	chr6	26350801	26351000	17_EnhW2	307
chr6	26350564	26350565	rs6936006	chr6	26350801	26351000	17_EnhW2	237
chr6	26351513	26351514	rs35539969	chr6	26351401	26352600	13_EnhA1	0
chr6	26352565	26352566	rs9467722	chr6	26351401	26352600	13_EnhA1	0
chr6	26359305	26359306	rs66972160	chr6	26364201	26364400	16_EnhW1	4896
chr6	26360485	26360486	rs9348710	chr6	26364201	26364400	16_EnhW1	3716
chr6	26364055	26364056	rs10946817	chr6	26364201	26364400	16_EnhW1	146
chr6	26365146	26365147	rs9393709	chr6	26364201	26364400	16_EnhW1	747
chr6	26365345	26365346	rs3734536	chr6	26366201	26367000	14_EnhA2	856
chr6	26367217	26367218	rs12199613	chr6	26367201	26367400	17_EnhW2	0
chr6	26367444	26367445	rs9688946	chr6	26367201	26367400	17_EnhW2	45
chr6	26370604	26370605	rs9379860	chr6	26367201	26367400	17_EnhW2	3205
chr6	26371532	26371533	rs35249543	chr6	26367201	26367400	17_EnhW2	4133
chr6	26376627	26376628	rs12214031	chr6	26384401	26384600	16_EnhW1	7774
chr6	26381629	26381630	rs9467737	chr6	26384401	26384600	16_EnhW1	2772
chr6	26390829	26390830	rs2076029	chr6	26388801	26389000	17_EnhW2	1830
chr6	26396726	26396727	rs7356988	chr6	26394801	26395000	16_EnhW1	1727
chr6	26397572	26397573	rs12663780	chr6	26394801	26395000	16_EnhW1	2573
chr6	26399614	26399615	rs4712987	chr6	26401601	26401800	16_EnhW1	1987
chr6	26404693	26404694	rs3799379	chr6	26401601	26401800	16_EnhW1	2894
chr6	26410799	26410800	rs1796520	chr6	26411801	26412200	17_EnhW2	1002
chr6	26414424	26414425	rs3208733	chr6	26412201	26412600	16_EnhW1	1825
chr6	26415636	26415637	rs742090	chr6	26412201	26412600	16_EnhW1	3037
chr6	26421391	26421392	rs1796521	chr6	26420801	26421000	13_EnhA1	392
chr6	26422259	26422260	rs1796522	chr6	26420801	26421000	13_EnhA1	1260
chr6	26423559	26423560	rs4320356	chr6	26420801	26421000	13_EnhA1	2560
chr6	26433328	26433329	rs1624440	chr6	26432401	26433400	13_EnhA1	0
chr6	26434913	26434914	rs9366657	chr6	26433601	26433800	15_EnhAF	1114
chr6	26438816	26438817	rs6907924	chr6	26439601	26440000	16_EnhW1	785
chr6	26440428	26440429	rs9379874	chr6	26439601	26440000	16_EnhW1	429
chr6	26444914	26444915	rs3846845	chr6	26442201	26442800	16_EnhW1	2115
chr6	26445038	26445039	rs3846846	chr6	26442201	26442800	16_EnhW1	2239
chr6	26451552	26451553	rs2237236	chr6	26454801	26455000	17_EnhW2	3249
chr6	30075102	30075103	rs2523992	chr6	30063001	30063600	17_EnhW2	11503
chr6	30075612	30075613	rs2023473	chr6	30087201	30087400	17_EnhW2	11589
chr6	30078274	30078275	rs2523989	chr6	30087201	30087400	17_EnhW2	8927
chr6	30078329	30078330	rs2239529	chr6	30087201	30087400	17_EnhW2	8872
chr6	30078887	30078888	rs2427749	chr6	30087201	30087400	17_EnhW2	8314
chr6	30079128	30079129	rs2523988	chr6	30087201	30087400	17_EnhW2	8073
chr6	30079306	30079307	rs2249099	chr6	30087201	30087400	17_EnhW2	7895
chr6	30079992	30079993	rs2523987	chr6	30087201	30087400	17_EnhW2	7209
chr6	30080273	30080274	rs2517598	chr6	30087201	30087400	17_EnhW2	6928
chr6	30080495	30080496	rs2844793	chr6	30087201	30087400	17_EnhW2	6706
chr6	30080955	30080956	rs2844792	chr6	30087201	30087400	17_EnhW2	6246
chr6	30081188	30081189	rs2517597	chr6	30087201	30087400	17_EnhW2	6013
chr6	30081245	30081246	rs2523986	chr6	30087201	30087400	17_EnhW2	5956
chr6	30081333	30081334	rs2523985	chr6	30087201	30087400	17_EnhW2	5868
chr6	30082002	30082003	rs2523984	chr6	30087201	30087400	17_EnhW2	5199
chr6	30082220	30082221	rs2523983	chr6	30087201	30087400	17_EnhW2	4981
chr6	30082687	30082688	rs2245420	chr6	30087201	30087400	17_EnhW2	4514
chr6	30083069	30083070	rs2523982	chr6	30087201	30087400	17_EnhW2	4132
chr6	30083181	30083182	rs2523981	chr6	30087201	30087400	17_EnhW2	4020
chr6	30083514	30083515	rs2523979	chr6	30087201	30087400	17_EnhW2	3687
chr6	30083707	30083708	rs2523978	chr6	30087201	30087400	17_EnhW2	3494
chr6	30083854	30083855	rs2517596	chr6	30087201	30087400	17_EnhW2	3347
chr6	30084312	30084313	rs1034327	chr6	30087201	30087400	17_EnhW2	2889
chr6	30084445	30084446	rs1034326	chr6	30087201	30087400	17_EnhW2	2756
chr6	30084504	30084505	rs2523977	chr6	30087201	30087400	17_EnhW2	2697
chr6	30084548	30084549	rs2517595	chr6	30087201	30087400	17_EnhW2	2653
chr6	30084695	30084696	rs2523976	chr6	30087201	30087400	17_EnhW2	2506
chr6	30085915	30085916	rs1015466	chr6	30087201	30087400	17_EnhW2	1286
chr6	30088742	30088743	rs2844791	chr6	30087201	30087400	17_EnhW2	1343
chr6	30094112	30094113	rs2844790	chr6	30087201	30087400	17_EnhW2	6713
chr6	30103359	30103360	rs1541269	chr6	30118001	30118400	17_EnhW2	14642
chr6	30112794	30112795	rs2844789	chr6	30118001	30118400	17_EnhW2	5207
chr6	30122656	30122657	rs2523735	chr6	30122401	30122800	16_EnhW1	0
chr6	30125542	30125543	rs1970	chr6	30125401	30125800	16_EnhW1	0
chr6	30127804	30127805	rs1573296	chr6	30125401	30125800	16_EnhW1	2005
chr6	30128948	30128949	rs2157678	chr6	30125401	30125800	16_EnhW1	3149
chr6	30285311	30285312	rs3094628	chr6	30312401	30312600	16_EnhW1	27090
chr6	30287776	30287777	rs3132651	chr6	30312401	30312600	16_EnhW1	24625
chr6	30296252	30296253	rs3094064	chr6	30312401	30312600	16_EnhW1	16149
chr6	30299244	30299245	rs3094067	chr6	30312401	30312600	16_EnhW1	13157
chr6	30305996	30305997	rs377476390	chr6	30312401	30312600	16_EnhW1	6405
chr6	30318326	30318327	rs3130355	chr6	30314001	30314200	16_EnhW1	4127
chr6	30319153	30319154	rs3130364	chr6	30314001	30314200	16_EnhW1	4954
chr6	30323392	30323393	rs3130377	chr6	30314001	30314200	16_EnhW1	9193
chr6	30326731	30326732	rs56722471	chr6	30314001	30314200	16_EnhW1	12532
chr6	30326803	30326804	rs3094625	chr6	30314001	30314200	16_EnhW1	12604
chr6	30326808	30326809	rs3094624	chr6	30314001	30314200	16_EnhW1	12609
chr6	30327193	30327194	rs3094059	chr6	30314001	30314200	16_EnhW1	12994
chr6	30327195	30327196	rs3094058	chr6	30314001	30314200	16_EnhW1	12996
chr6	30327838	30327839	rs3130350	chr6	30314001	30314200	16_EnhW1	13639
chr6	30327951	30327952	rs3094622	chr6	30314001	30314200	16_EnhW1	13752
chr6	30328191	30328192	rs3130351	chr6	30314001	30314200	16_EnhW1	13992
chr6	30328356	30328357	rs3130352	chr6	30314001	30314200	16_EnhW1	14157
chr6	30328752	30328753	rs3094621	chr6	30314001	30314200	16_EnhW1	14553
chr6	30329925	30329926	rs3094620	chr6	30314001	30314200	16_EnhW1	15726
chr6	30329965	30329966	rs3094057	chr6	30314001	30314200	16_EnhW1	15766
chr6	30330070	30330071	rs3094056	chr6	30314001	30314200	16_EnhW1	15871
chr6	30330391	30330392	rs3132648	chr6	30314001	30314200	16_EnhW1	16192
chr6	30330736	30330737	rs3132647	chr6	30314001	30314200	16_EnhW1	16537
chr6	30331215	30331216	rs3130353	chr6	30314001	30314200	16_EnhW1	17016
chr6	30333504	30333505	rs3094054	chr6	30314001	30314200	16_EnhW1	19305
chr6	30336662	30336663	rs114200269	chr6	30314001	30314200	16_EnhW1	22463
chr6	30337140	30337141	rs3129810	chr6	30314001	30314200	16_EnhW1	22941
chr6	30337973	30337974	rs3129812	chr6	30314001	30314200	16_EnhW1	23774
chr6	30340527	30340528	rs3129815	chr6	30364601	30364800	16_EnhW1	24074
chr6	30341389	30341390	rs3130365	chr6	30364601	30364800	16_EnhW1	23212
chr6	30343271	30343272	rs3132634	chr6	30364601	30364800	16_EnhW1	21330
chr6	30346759	30346760	rs3132627	chr6	30364601	30364800	16_EnhW1	17842
chr6	30351347	30351348	rs3094712	chr6	30364601	30364800	16_EnhW1	13254
chr6	30354920	30354921	rs202228322	chr6	30364601	30364800	16_EnhW1	9681
chr6	30357293	30357294	rs3094704	chr6	30364601	30364800	16_EnhW1	7308
chr6	30363084	30363085	rs3094036	chr6	30364601	30364800	16_EnhW1	1517
chr6	30363350	30363351	rs3094034	chr6	30364601	30364800	16_EnhW1	1251
chr6	30365447	30365448	rs3130116	chr6	30364601	30364800	16_EnhW1	648
chr6	30374210	30374211	rs3132619	chr6	30364601	30364800	16_EnhW1	9411
chr6	30376338	30376339	rs3132618	chr6	30364601	30364800	16_EnhW1	11539
chr6	30378407	30378408	rs3132617	chr6	30364601	30364800	16_EnhW1	13608
chr6	30381595	30381596	rs3131111	chr6	30364601	30364800	16_EnhW1	16796
chr6	30385745	30385746	rs3094717	chr6	30364601	30364800	16_EnhW1	20946
chr6	30395195	30395196	rs3130129	chr6	30364601	30364800	16_EnhW1	30396
chr6	30400762	30400763	rs149543464	chr6	30364601	30364800	16_EnhW1	35963
chr6	30409248	30409249	rs3132645	chr6	30364601	30364800	16_EnhW1	44449
chr6	30416455	30416456	rs3132616	chr6	30464001	30464200	15_EnhAF	47546
chr6	30432176	30432177	rs3130141	chr6	30464001	30464200	15_EnhAF	31825
chr6	30441302	30441303	rs3132615	chr6	30464001	30464200	15_EnhAF	22699
chr6	30447673	30447674	rs3131112	chr6	30464001	30464200	15_EnhAF	16328
chr6	30495859	30495860	rs3094024	chr6	30495401	30495800	14_EnhA2	60
chr6	30507919	30507920	rs3094023	chr6	30509801	30510000	16_EnhW1	1882
chr6	30508955	30508956	rs3130117	chr6	30509801	30510000	16_EnhW1	846
chr6	30515042	30515043	rs3130247	chr6	30512201	30512800	17_EnhW2	2243
chr6	30536871	30536872	rs3130241	chr6	30537801	30538000	17_EnhW2	930
chr6	30544400	30544401	rs3132610	chr6	30538001	30538200	16_EnhW1	6201
chr6	30566406	30566407	rs3095276	chr6	30594201	30594400	13_EnhA1	27795
chr6	30596420	30596421	rs9262126	chr6	30594201	30594400	13_EnhA1	2021
chr6	30603518	30603519	rs9262130	chr6	30594201	30594400	13_EnhA1	9119
chr6	30611349	30611350	rs9262132	chr6	30594201	30594400	13_EnhA1	16950
chr6	30618905	30618906	rs9262135	chr6	30594201	30594400	13_EnhA1	24506
chr6	30644136	30644137	rs9262141	chr6	30659401	30659600	13_EnhA1	15265
chr6	30650025	30650026	rs9262142	chr6	30659401	30659600	13_EnhA1	9376
chr6	30652780	30652781	rs9262143	chr6	30659401	30659600	13_EnhA1	6621
chr6	30656827	30656828	rs9262146	chr6	30659401	30659600	13_EnhA1	2574
chr6	30666447	30666448	rs147637345	chr6	30663201	30663800	16_EnhW1	2648
chr6	30688574	30688575	rs3132583	chr6	30694001	30694200	15_EnhAF	5427
chr6	30689000	30689001	rs3132582	chr6	30694001	30694200	15_EnhAF	5001
chr6	30694866	30694867	rs140504225	chr6	30694401	30694600	15_EnhAF	267
chr6	30699021	30699022	rs3095327	chr6	30694401	30694600	15_EnhAF	4422
chr6	30701091	30701092	rs3130658	chr6	30694401	30694600	15_EnhAF	6492
chr6	30706360	30706361	rs3130660	chr6	30715001	30715600	15_EnhAF	8641
chr6	30708694	30708695	rs3130661	chr6	30715001	30715600	15_EnhAF	6307
chr6	30708954	30708955	rs1059612	chr6	30715001	30715600	15_EnhAF	6047
chr6	30709356	30709357	rs3094125	chr6	30715001	30715600	15_EnhAF	5645
chr6	30717257	30717258	rs3129972	chr6	30717201	30718600	15_EnhAF	0
chr6	30721142	30721143	rs3129973	chr6	30720001	30723200	13_EnhA1	0
chr6	30722266	30722267	rs3095332	chr6	30720001	30723200	13_EnhA1	0
chr6	30723168	30723169	rs3129974	chr6	30720001	30723200	13_EnhA1	0
chr6	30723780	30723781	rs3095328	chr6	30723201	30723800	15_EnhAF	0
chr6	30725840	30725841	rs3095326	chr6	30725801	30726200	18_EnhAc	0
chr6	30730481	30730482	rs9262174	chr6	30729801	30730000	17_EnhW2	482
chr6	30731400	30731401	rs3095338	chr6	30731201	30732600	13_EnhA1	0
chr6	30732857	30732858	rs3094118	chr6	30732601	30732800	15_EnhAF	58
chr6	30735978	30735979	rs3130665	chr6	30736001	30736200	17_EnhW2	23
chr6	30737682	30737683	rs9278760	chr6	30738401	30738600	13_EnhA1	719
chr6	30738445	30738446	rs3095336	chr6	30738401	30738600	13_EnhA1	0
chr6	30739971	30739972	rs3132605	chr6	30738601	30739000	15_EnhAF	972
chr6	30742712	30742713	rs3095334	chr6	30742801	30743000	17_EnhW2	89
chr6	30743728	30743729	rs3130668	chr6	30743201	30743400	17_EnhW2	329
chr6	30743738	30743739	rs3130669	chr6	30743201	30743400	17_EnhW2	339
chr6	30743863	30743864	rs3130670	chr6	30743201	30743400	17_EnhW2	464
chr6	30744199	30744200	rs3132603	chr6	30743201	30743400	17_EnhW2	800
chr6	30745799	30745800	rs3129977	chr6	30745801	30746000	15_EnhAF	2
chr6	30746330	30746331	rs3129978	chr6	30746001	30747200	13_EnhA1	0
chr6	30746366	30746367	rs3132600	chr6	30746001	30747200	13_EnhA1	0
chr6	30746518	30746519	rs3130673	chr6	30746001	30747200	13_EnhA1	0
chr6	30748163	30748164	rs3132599	chr6	30747601	30749200	13_EnhA1	0
chr6	30750924	30750925	rs3095333	chr6	30750801	30751200	13_EnhA1	0
chr6	30755066	30755067	rs3131041	chr6	30754801	30755000	17_EnhW2	67
chr6	30758370	30758371	rs3129980	chr6	30756401	30756800	17_EnhW2	1571
chr6	30758655	30758656	rs141083567	chr6	30756401	30756800	17_EnhW2	1856
chr6	30758663	30758664	rs3131044	chr6	30756401	30756800	17_EnhW2	1864
chr6	30758847	30758848	rs3131045	chr6	30756401	30756800	17_EnhW2	2048
chr6	30758856	30758857	rs3129981	chr6	30756401	30756800	17_EnhW2	2057
chr6	30759334	30759335	rs3131047	chr6	30761201	30761400	15_EnhAF	1867
chr6	30759425	30759426	rs3131048	chr6	30761201	30761400	15_EnhAF	1776
chr6	30759488	30759489	rs3131049	chr6	30761201	30761400	15_EnhAF	1713
chr6	30760024	30760025	rs3131050	chr6	30761201	30761400	15_EnhAF	1177
chr6	30760189	30760190	rs3129982	chr6	30761201	30761400	15_EnhAF	1012
chr6	30760231	30760232	rs3131052	chr6	30761201	30761400	15_EnhAF	970
chr6	30760275	30760276	rs3129983	chr6	30761201	30761400	15_EnhAF	926
chr6	30760724	30760725	rs9262200	chr6	30761201	30761400	15_EnhAF	477
chr6	30760781	30760782	rs9281044	chr6	30761201	30761400	15_EnhAF	420
chr6	30760906	30760907	rs9262202	chr6	30761201	30761400	15_EnhAF	295
chr6	30760967	30760968	rs9262203	chr6	30761201	30761400	15_EnhAF	234
chr6	30761088	30761089	rs9262204	chr6	30761201	30761400	15_EnhAF	113
chr6	30761131	30761132	rs3131054	chr6	30761201	30761400	15_EnhAF	70
chr6	30761486	30761487	rs3131055	chr6	30761401	30762000	13_EnhA1	0
chr6	30761571	30761572	rs3129984	chr6	30761401	30762000	13_EnhA1	0
chr6	30762237	30762238	rs3131058	chr6	30762001	30762600	15_EnhAF	0
chr6	30762541	30762542	rs3129985	chr6	30762001	30762600	15_EnhAF	0
chr6	30763058	30763059	rs148331720	chr6	30762001	30762600	15_EnhAF	459
chr6	30763290	30763291	rs3131060	chr6	30762001	30762600	15_EnhAF	691
chr6	30763561	30763562	rs3129986	chr6	30762001	30762600	15_EnhAF	962
chr6	30763713	30763714	rs3131062	chr6	30762001	30762600	15_EnhAF	1114
chr6	30764080	30764081	rs3130641	chr6	30762001	30762600	15_EnhAF	1481
chr6	30764906	30764907	rs1264377	chr6	30762001	30762600	15_EnhAF	2307
chr6	30765578	30765579	rs1264376	chr6	30768201	30768400	17_EnhW2	2623
chr6	30769272	30769273	rs1264373	chr6	30769001	30769200	15_EnhAF	73
chr6	30772883	30772884	rs75266959	chr6	30769001	30769200	15_EnhAF	3684
chr6	30777497	30777498	rs1264361	chr6	30780601	30780800	15_EnhAF	3104
chr6	30780140	30780141	rs77058556	chr6	30780601	30780800	15_EnhAF	461
chr6	30780567	30780568	rs2524266	chr6	30780601	30780800	15_EnhAF	34
chr6	30781300	30781301	rs886425	chr6	30781201	30781400	13_EnhA1	0
chr6	30782001	30782002	rs886424	chr6	30781801	30782400	14_EnhA2	0
chr6	30782204	30782205	rs886423	chr6	30781801	30782400	14_EnhA2	0
chr6	30782947	30782948	rs75622849	chr6	30782601	30782800	15_EnhAF	148
chr6	30783578	30783579	rs1264357	chr6	30782601	30782800	15_EnhAF	779
chr6	30784067	30784068	rs1264356	chr6	30782601	30782800	15_EnhAF	1268
chr6	30784192	30784193	rs1264355	chr6	30782601	30782800	15_EnhAF	1393
chr6	30787761	30787762	rs1264353	chr6	30787601	30788600	13_EnhA1	0
chr6	30789646	30789647	rs1264352	chr6	30789601	30790400	13_EnhA1	0
chr6	30791663	30791664	rs75714663	chr6	30790601	30790800	15_EnhAF	864
chr6	30792116	30792117	rs1264351	chr6	30790601	30790800	15_EnhAF	1317
chr6	30792247	30792248	rs61309148	chr6	30790601	30790800	15_EnhAF	1448
chr6	30796544	30796545	rs1264350	chr6	30796401	30796600	15_EnhAF	0
chr6	30796658	30796659	rs1264349	chr6	30796601	30797000	13_EnhA1	0
chr6	30798696	30798697	rs1264347	chr6	30797001	30797200	15_EnhAF	1497
chr6	30802062	30802063	rs75796258	chr6	30802201	30802400	15_EnhAF	139
chr6	30802464	30802465	rs1264341	chr6	30802401	30802800	14_EnhA2	0
chr6	30803525	30803526	rs1110482	chr6	30803401	30803600	15_EnhAF	0
chr6	30804777	30804778	rs78112277	chr6	30804601	30804800	13_EnhA1	0
chr6	30806651	30806652	rs147806336	chr6	30805201	30805600	17_EnhW2	1052
chr6	30806807	30806808	rs73727480	chr6	30805201	30805600	17_EnhW2	1208
chr6	30807402	30807403	rs140887479	chr6	30809001	30809600	17_EnhW2	1599
chr6	30811264	30811265	rs2517578	chr6	30811201	30811400	16_EnhW1	0
chr6	30812995	30812996	rs2535334	chr6	30811401	30812600	13_EnhA1	396
chr6	30813248	30813249	rs2535332	chr6	30811401	30812600	13_EnhA1	649
chr6	30813757	30813758	rs115926175	chr6	30811401	30812600	13_EnhA1	1158
chr6	30819195	30819196	rs76211388	chr6	30811401	30812600	13_EnhA1	6596
chr6	30820372	30820373	rs2263298	chr6	30811401	30812600	13_EnhA1	7773
chr6	30821521	30821522	rs2844661	chr6	30829801	30830600	14_EnhA2	8280
chr6	30825993	30825994	rs2535328	chr6	30829801	30830600	14_EnhA2	3808
chr6	30826947	30826948	rs9278783	chr6	30829801	30830600	14_EnhA2	2854
chr6	30831194	30831195	rs3132577	chr6	30829801	30830600	14_EnhA2	595
chr6	30832510	30832511	rs55697712	chr6	30829801	30830600	14_EnhA2	1911
chr6	30833953	30833954	rs9262261	chr6	30829801	30830600	14_EnhA2	3354
chr6	30833955	30833956	rs9262262	chr6	30829801	30830600	14_EnhA2	3356
chr6	30833956	30833957	rs9262263	chr6	30829801	30830600	14_EnhA2	3357
chr6	30834330	30834331	rs2844656	chr6	30829801	30830600	14_EnhA2	3731
chr6	30836224	30836225	rs10947109	chr6	30829801	30830600	14_EnhA2	5625
chr6	30838496	30838497	rs2535340	chr6	30843401	30845000	15_EnhAF	4905
chr6	30842628	30842629	rs2517572	chr6	30843401	30845000	15_EnhAF	773
chr6	30849291	30849292	rs73727104	chr6	30849401	30850000	17_EnhW2	110
chr6	30849477	30849478	rs73727106	chr6	30849401	30850000	17_EnhW2	0
chr6	30851908	30851909	rs1264326	chr6	30851401	30851600	13_EnhA1	309
chr6	30851988	30851989	rs1264325	chr6	30851401	30851600	13_EnhA1	389
chr6	30855210	30855211	rs1264324	chr6	30851401	30851600	13_EnhA1	3611
chr6	30857893	30857894	rs1264322	chr6	30851401	30851600	13_EnhA1	6294
chr6	30859343	30859344	rs1264321	chr6	30851401	30851600	13_EnhA1	7744
chr6	30864278	30864279	rs886422	chr6	30851401	30851600	13_EnhA1	12679
chr6	30865278	30865279	rs116772905	chr6	30851401	30851600	13_EnhA1	13679
chr6	30866928	30866929	rs115029731	chr6	30881201	30881400	17_EnhW2	14273
chr6	30867526	30867527	rs1049633	chr6	30881201	30881400	17_EnhW2	13675
chr6	30870578	30870579	rs59124304	chr6	30881201	30881400	17_EnhW2	10623
chr6	30872782	30872783	rs1264313	chr6	30881201	30881400	17_EnhW2	8419
chr6	30872981	30872982	rs1264312	chr6	30881201	30881400	17_EnhW2	8220
chr6	30873604	30873605	rs1264310	chr6	30881201	30881400	17_EnhW2	7597
chr6	30875602	30875603	rs3218804	chr6	30881201	30881400	17_EnhW2	5599
chr6	30879635	30879636	rs886420	chr6	30881201	30881400	17_EnhW2	1566
chr6	30879986	30879987	rs1264308	chr6	30881201	30881400	17_EnhW2	1215
chr6	30881030	30881031	rs3218825	chr6	30881201	30881400	17_EnhW2	171
chr6	30882414	30882415	rs1264304	chr6	30883201	30884000	16_EnhW1	787
chr6	30882688	30882689	rs6926224	chr6	30883201	30884000	16_EnhW1	513
chr6	30882802	30882803	rs6926723	chr6	30883201	30884000	16_EnhW1	399
chr6	30887241	30887242	rs111371873	chr6	30883201	30884000	16_EnhW1	3242
chr6	30887464	30887465	rs118124843	chr6	30883201	30884000	16_EnhW1	3465
chr6	30894964	30894965	rs3094088	chr6	30883201	30884000	16_EnhW1	10965
chr6	30895039	30895040	rs7770596	chr6	30883201	30884000	16_EnhW1	11040
chr6	30899050	30899051	rs3095155	chr6	30910201	30911000	16_EnhW1	11151
chr6	30899194	30899195	rs3095153	chr6	30910201	30911000	16_EnhW1	11007
chr6	30899649	30899650	rs3095152	chr6	30910201	30911000	16_EnhW1	10552
chr6	30901542	30901543	rs111474353	chr6	30910201	30911000	16_EnhW1	8659
chr6	30904534	30904535	rs17189749	chr6	30910201	30911000	16_EnhW1	5667
chr6	30907239	30907240	rs116311740	chr6	30910201	30911000	16_EnhW1	2962
chr6	30907872	30907873	rs114014108	chr6	30910201	30911000	16_EnhW1	2329
chr6	30908186	30908187	rs75930063	chr6	30910201	30911000	16_EnhW1	2015
chr6	30908378	30908379	rs6940037	chr6	30910201	30911000	16_EnhW1	1823
chr6	30911539	30911540	rs114481494	chr6	30910201	30911000	16_EnhW1	540
chr6	30911750	30911751	rs75480495	chr6	30910201	30911000	16_EnhW1	751
chr6	30913457	30913458	rs3132581	chr6	30910201	30911000	16_EnhW1	2458
chr6	30917481	30917482	rs112148530	chr6	30910201	30911000	16_EnhW1	6482
chr6	30918440	30918441	rs111658797	chr6	30910201	30911000	16_EnhW1	7441
chr6	30919390	30919391	rs3094086	chr6	30910201	30911000	16_EnhW1	8391
chr6	30920085	30920086	rs79792575	chr6	30928801	30929400	17_EnhW2	8716
chr6	30920123	30920124	rs3132580	chr6	30928801	30929400	17_EnhW2	8678
chr6	30921140	30921141	rs45627239	chr6	30928801	30929400	17_EnhW2	7661
chr6	30927616	30927617	rs7747800	chr6	30928801	30929400	17_EnhW2	1185
chr6	30928485	30928486	rs139124591	chr6	30928801	30929400	17_EnhW2	316
chr6	30929976	30929977	rs17196123	chr6	30928801	30929400	17_EnhW2	577
chr6	30937731	30937732	rs3131781	chr6	30928801	30929400	17_EnhW2	8332
chr6	30968768	30968769	rs1632863	chr6	30975001	30975200	15_EnhAF	6233
chr6	30969753	30969754	rs1634716	chr6	30975001	30975200	15_EnhAF	5248
chr6	30977679	30977680	rs1634721	chr6	30978201	30978600	17_EnhW2	522
chr6	30985827	30985828	rs1634726	chr6	30978201	30978600	17_EnhW2	7228
chr6	31016549	31016550	rs3130574	chr6	31010601	31011200	16_EnhW1	5350
chr6	31018907	31018908	rs3131920	chr6	31025201	31025400	17_EnhW2	6294
chr6	31024795	31024796	rs3131788	chr6	31025201	31025400	17_EnhW2	406
chr6	31035390	31035391	rs138738957	chr6	31040001	31040200	16_EnhW1	4611
chr6	31044462	31044463	rs3094671	chr6	31044601	31045000	16_EnhW1	139
chr6	31051674	31051675	rs3095311	chr6	31051601	31052000	14_EnhA2	0
chr6	31058339	31058340	rs3130544	chr6	31054401	31054800	13_EnhA1	3540
chr6	31066632	31066633	rs144846110	chr6	31062401	31062600	17_EnhW2	4033
chr6	31066642	31066643	rs201376697	chr6	31062401	31062600	17_EnhW2	4043
chr6	31072694	31072695	rs9263610	chr6	31081201	31081600	17_EnhW2	8507
chr6	31079643	31079644	rs2233980	chr6	31081201	31081600	17_EnhW2	1558
chr6	31081433	31081434	rs3094222	chr6	31081201	31081600	17_EnhW2	0
chr6	31085355	31085356	rs3130985	chr6	31084601	31085400	16_EnhW1	0
chr6	31094702	31094703	rs3130557	chr6	31094601	31094800	17_EnhW2	0
chr6	31098733	31098734	rs3132541	chr6	31094601	31094800	17_EnhW2	3934
chr6	31100973	31100974	rs3130562	chr6	31094601	31094800	17_EnhW2	6174
chr6	31129309	31129310	rs7750641	chr6	31143201	31143400	15_EnhAF	13892
chr6	31172150	31172151	rs3132510	chr6	31172201	31172600	17_EnhW2	51
chr6	31175945	31175946	rs1619179	chr6	31172201	31172600	17_EnhW2	3346
chr6	31194582	31194583	rs1639109	chr6	31213601	31214400	17_EnhW2	19019
chr6	31196553	31196554	rs1639108	chr6	31213601	31214400	17_EnhW2	17048
chr6	31196861	31196862	rs1793894	chr6	31213601	31214400	17_EnhW2	16740
chr6	31364706	31364707	rs2251396	chr6	31364401	31365200	16_EnhW1	0
chr6	31365706	31365707	rs2523457	chr6	31365201	31365800	17_EnhW2	0
chr6	31367864	31367865	rs2523454	chr6	31365201	31365800	17_EnhW2	2065
chr6	31369150	31369151	rs2523451	chr6	31365201	31365800	17_EnhW2	3351
chr6	31372568	31372569	rs2844518	chr6	31365201	31365800	17_EnhW2	6769
chr6	31373173	31373174	rs2442715	chr6	31365201	31365800	17_EnhW2	7374
chr6	31428919	31428920	rs3130477	chr6	31430001	31430400	17_EnhW2	1082
chr6	31430009	31430010	rs3132089	chr6	31430001	31430400	17_EnhW2	0
chr6	31430064	31430065	rs3099839	chr6	31430001	31430400	17_EnhW2	0
chr6	31430693	31430694	rs3094605	chr6	31430001	31430400	17_EnhW2	294
chr6	31430751	31430752	rs3132090	chr6	31430001	31430400	17_EnhW2	352
chr6	31431812	31431813	rs3130907	chr6	31430001	31430400	17_EnhW2	1413
chr6	31433692	31433693	rs3128986	chr6	31430001	31430400	17_EnhW2	3293
chr6	31434330	31434331	rs3131619	chr6	31430001	31430400	17_EnhW2	3931
chr6	31434365	31434366	rs3094013	chr6	31430001	31430400	17_EnhW2	3966
chr6	31434519	31434520	rs3094012	chr6	31430001	31430400	17_EnhW2	4120
chr6	31434620	31434621	rs3131618	chr6	31430001	31430400	17_EnhW2	4221
chr6	31436737	31436738	rs3131617	chr6	31441401	31441600	16_EnhW1	4664
chr6	31448563	31448564	rs3099843	chr6	31452401	31452600	17_EnhW2	3838
chr6	31448975	31448976	rs3099844	chr6	31452401	31452600	17_EnhW2	3426
chr6	31449551	31449552	rs3130908	chr6	31452401	31452600	17_EnhW2	2850
chr6	31449709	31449710	rs3130909	chr6	31452401	31452600	17_EnhW2	2692
chr6	31450636	31450637	rs3131642	chr6	31452401	31452600	17_EnhW2	1765
chr6	31451369	31451370	rs3132470	chr6	31452401	31452600	17_EnhW2	1032
chr6	31451835	31451836	rs3094011	chr6	31452401	31452600	17_EnhW2	566
chr6	31451847	31451848	rs3094010	chr6	31452401	31452600	17_EnhW2	554
chr6	31456680	31456681	rs68045865	chr6	31459601	31460200	16_EnhW1	2921
chr6	31462134	31462135	rs3130923	chr6	31461401	31461600	16_EnhW1	535
chr6	31465046	31465047	rs3094005	chr6	31461401	31461600	16_EnhW1	3447
chr6	31469773	31469774	rs3095233	chr6	31461401	31461600	16_EnhW1	8174
chr6	31473745	31473746	rs3130616	chr6	31480801	31481000	17_EnhW2	7056
chr6	31473956	31473957	rs3134900	chr6	31480801	31481000	17_EnhW2	6845
chr6	31476457	31476458	rs3130614	chr6	31480801	31481000	17_EnhW2	4344
chr6	31482096	31482097	rs3130612	chr6	31482001	31482200	17_EnhW2	0
chr6	31483480	31483481	rs9267445	chr6	31483801	31484000	17_EnhW2	321
chr6	31492452	31492453	rs3093988	chr6	31493401	31493600	17_EnhW2	949
chr6	31496568	31496569	rs2516482	chr6	31495001	31495200	17_EnhW2	1369
chr6	31498244	31498245	rs9281523	chr6	31495001	31495200	17_EnhW2	3045
chr6	31501557	31501558	rs1055384	chr6	31495001	31495200	17_EnhW2	6358
chr6	31505479	31505480	rs2734583	chr6	31495001	31495200	17_EnhW2	10280
chr6	31506137	31506138	rs3093975	chr6	31495001	31495200	17_EnhW2	10938
chr6	31514246	31514247	rs9267488	chr6	31526801	31528200	13_EnhA1	12555
chr6	31543030	31543031	rs1800629	chr6	31549801	31550000	16_EnhW1	6771
chr6	31546849	31546850	rs1800628	chr6	31549801	31550000	16_EnhW1	2952
chr6	31558701	31558702	rs3130063	chr6	31553601	31553800	17_EnhW2	4902
chr6	31562763	31562764	rs3130632	chr6	31553601	31553800	17_EnhW2	8964
chr6	31566167	31566168	rs3130631	chr6	31553601	31553800	17_EnhW2	12368
chr6	31568468	31568469	rs2857595	chr6	31553601	31553800	17_EnhW2	14669
chr6	31596137	31596138	rs3132450	chr6	31553601	31553800	17_EnhW2	42338
chr6	31620519	31620520	rs3117582	chr6	31648001	31648200	16_EnhW1	27482
chr6	31624863	31624864	rs3117581	chr6	31648001	31648200	16_EnhW1	23138
chr6	31626012	31626013	rs3132449	chr6	31648001	31648200	16_EnhW1	21989
chr6	31636741	31636742	rs9267531	chr6	31648001	31648200	16_EnhW1	11260
chr6	31666423	31666424	rs9267539	chr6	31671801	31672000	16_EnhW1	5378
chr6	31671556	31671557	rs9267544	chr6	31671801	31672000	16_EnhW1	245
chr6	31677390	31677391	rs9267549	chr6	31681601	31682000	17_EnhW2	4211
chr6	31704293	31704294	rs3131383	chr6	31705001	31705200	15_EnhAF	708
chr6	31705863	31705864	rs3101018	chr6	31705201	31705400	13_EnhA1	464
chr6	31708462	31708463	rs3131381	chr6	31706601	31707000	14_EnhA2	1463
chr6	31709777	31709778	rs3131380	chr6	31706601	31707000	14_EnhA2	2778
chr6	31712195	31712196	rs3132445	chr6	31706601	31707000	14_EnhA2	5196
chr6	31714030	31714031	rs3132443	chr6	31720201	31720400	18_EnhAc	6171
chr6	31715881	31715882	rs3130484	chr6	31720201	31720400	18_EnhAc	4320
chr6	31718395	31718396	rs3117573	chr6	31720201	31720400	18_EnhAc	1806
chr6	31721032	31721033	rs3131379	chr6	31720401	31721200	13_EnhA1	0
chr6	31725229	31725230	rs3117574	chr6	31721201	31721400	15_EnhAF	3830
chr6	31725284	31725285	rs3131378	chr6	31721201	31721400	15_EnhAF	3885
chr6	31726252	31726253	rs3117575	chr6	31731001	31731200	15_EnhAF	4749
chr6	31726793	31726794	rs3117576	chr6	31731001	31731200	15_EnhAF	4208
chr6	31727473	31727474	rs3117577	chr6	31731001	31731200	15_EnhAF	3528
chr6	31727896	31727897	rs3115672	chr6	31731001	31731200	15_EnhAF	3105
chr6	31733465	31733466	rs3101017	chr6	31734001	31734600	16_EnhW1	536
chr6	31734344	31734345	rs3115671	chr6	31734001	31734600	16_EnhW1	0
chr6	31739119	31739120	rs3130490	chr6	31734001	31734600	16_EnhW1	4520
chr6	31745463	31745464	rs3130491	chr6	31745401	31745800	15_EnhAF	0
chr6	31749141	31749142	rs915652	chr6	31745401	31745800	15_EnhAF	3342
chr6	31749183	31749184	rs915651	chr6	31745401	31745800	15_EnhAF	3384
chr6	31754829	31754830	rs2753961	chr6	31745401	31745800	15_EnhAF	9030
chr6	31761212	31761213	rs2607014	chr6	31764201	31764400	13_EnhA1	2989
chr6	31765863	31765864	rs1144710	chr6	31764201	31764400	13_EnhA1	1464
chr6	31765983	31765984	rs2736425	chr6	31764201	31764400	13_EnhA1	1584
chr6	31766659	31766660	rs2763980	chr6	31764201	31764400	13_EnhA1	2260
chr6	31768798	31768799	rs681331	chr6	31764201	31764400	13_EnhA1	4399
chr6	31772092	31772093	rs625421	chr6	31775201	31775400	16_EnhW1	3109
chr6	31777191	31777192	rs553414	chr6	31775201	31775400	16_EnhW1	1792
chr6	31787166	31787167	rs1265947	chr6	31781201	31781400	13_EnhA1	5767
chr6	31798134	31798135	rs144929896	chr6	31794001	31794200	14_EnhA2	3935
chr6	31799075	31799076	rs3115674	chr6	31794001	31794200	14_EnhA2	4876
chr6	31802100	31802101	rs3130476	chr6	31794001	31794200	14_EnhA2	7901
chr6	31805912	31805913	rs3130478	chr6	31794001	31794200	14_EnhA2	11713
chr6	31807539	31807540	rs3130679	chr6	31794001	31794200	14_EnhA2	13340
chr6	31808435	31808436	rs599707	chr6	31794001	31794200	14_EnhA2	14236
chr6	31810611	31810612	rs9267574	chr6	31794001	31794200	14_EnhA2	16412
chr6	31818107	31818108	rs9267578	chr6	31838801	31839200	16_EnhW1	20694
chr6	31832037	31832038	rs515688	chr6	31838801	31839200	16_EnhW1	6764
chr6	31840476	31840477	rs501942	chr6	31838801	31839200	16_EnhW1	1277
chr6	31870325	31870326	rs558702	chr6	31870801	31871000	14_EnhA2	476
chr6	31878432	31878433	rs519417	chr6	31878401	31878600	15_EnhAF	0
chr6	31881308	31881309	rs532086	chr6	31879401	31880000	17_EnhW2	1309
chr6	31892483	31892484	rs497309	chr6	31894801	31895400	17_EnhW2	2318
chr6	31909940	31909941	rs1265905	chr6	31908001	31908400	16_EnhW1	1541
chr6	31918859	31918860	rs1270942	chr6	31916601	31917000	17_EnhW2	1860
chr6	31940896	31940897	rs389884	chr6	31916601	31917000	17_EnhW2	23897
chr6	32014827	32014828	rs433061	chr6	32014401	32015000	13_EnhA1	0
chr6	32019945	32019946	rs367364	chr6	32016001	32016400	16_EnhW1	3546
chr6	32025554	32025555	rs394439	chr6	32026001	32026600	17_EnhW2	447
chr6	32025862	32025863	rs369637	chr6	32026001	32026600	17_EnhW2	139
chr6	32028148	32028149	rs1150758	chr6	32026801	32027000	17_EnhW2	1149
chr6	32029204	32029205	rs1150757	chr6	32026801	32027000	17_EnhW2	2205
chr6	32033615	32033616	rs1265889	chr6	32026801	32027000	17_EnhW2	6616
chr6	32035693	32035694	rs1150756	chr6	32043001	32044000	17_EnhW2	7308
chr6	32038549	32038550	rs1150755	chr6	32043001	32044000	17_EnhW2	4452
chr6	32050757	32050758	rs1150754	chr6	32050001	32051200	17_EnhW2	0
chr6	32059866	32059867	rs1150753	chr6	32060201	32060400	17_EnhW2	335
chr6	32064725	32064726	rs1150752	chr6	32061601	32061800	15_EnhAF	2926
chr6	32066446	32066447	rs1265888	chr6	32061601	32061800	15_EnhAF	4647
chr6	32080190	32080191	rs1269852	chr6	32079201	32079400	17_EnhW2	791
chr6	32096000	32096001	rs3130288	chr6	32098601	32098800	16_EnhW1	2601
chr6	32107850	32107851	rs3134962	chr6	32104001	32104400	14_EnhA2	3451
chr6	32131971	32131972	rs3132941	chr6	32132001	32132200	18_EnhAc	30
chr6	32168770	32168771	rs3134942	chr6	32165201	32165400	16_EnhW1	3371
chr6	32172992	32172993	rs3131296	chr6	32165201	32165400	16_EnhW1	7593
chr6	32179437	32179438	rs3132956	chr6	32165201	32165400	16_EnhW1	14038
chr6	32187636	32187637	rs8192589	chr6	32165201	32165400	16_EnhW1	22237
chr6	32189920	32189921	rs3134796	chr6	32212201	32212600	16_EnhW1	22281
chr6	32194629	32194630	rs3096690	chr6	32212201	32212600	16_EnhW1	17572
chr6	32198980	32198981	rs3130297	chr6	32212201	32212600	16_EnhW1	13221
chr6	32226480	32226481	rs9268026	chr6	32223601	32223800	16_EnhW1	2681
chr6	32229989	32229990	rs146576271	chr6	32223601	32223800	16_EnhW1	6190
chr6	32230255	32230256	rs3132971	chr6	32223601	32223800	16_EnhW1	6456
chr6	32233099	32233100	rs9268075	chr6	32223601	32223800	16_EnhW1	9300
chr6	32240071	32240072	rs3115556	chr6	32223601	32223800	16_EnhW1	16272
chr6	32252131	32252132	rs76036733	chr6	32223601	32223800	16_EnhW1	28332
chr6	32253751	32253752	rs151025263	chr6	32223601	32223800	16_EnhW1	29952
chr6	32257198	32257199	rs9268144	chr6	32223601	32223800	16_EnhW1	33399
chr6	32261251	32261252	rs7775397	chr6	32223601	32223800	16_EnhW1	37452
chr6	32263662	32263663	rs9268152	chr6	32223601	32223800	16_EnhW1	39863
chr6	32269456	32269457	rs9268158	chr6	32223601	32223800	16_EnhW1	45657
chr6	32274881	32274882	rs9268177	chr6	32223601	32223800	16_EnhW1	51082
chr6	32275620	32275621	rs9268178	chr6	32223601	32223800	16_EnhW1	51821
chr6	32277370	32277371	rs9268193	chr6	32223601	32223800	16_EnhW1	53571
chr6	32280590	32280591	rs9268208	chr6	32223601	32223800	16_EnhW1	56791
chr6	32284107	32284108	rs9268219	chr6	32337401	32337800	17_EnhW2	53294
chr6	32285361	32285362	rs116667074	chr6	32337401	32337800	17_EnhW2	52040
chr6	32288951	32288952	rs7751715	chr6	32337401	32337800	17_EnhW2	48450
chr6	32290207	32290208	rs9268235	chr6	32337401	32337800	17_EnhW2	47194
chr6	32295651	32295652	rs4392743	chr6	32337401	32337800	17_EnhW2	41750
chr6	32302381	32302382	rs1265757	chr6	32337401	32337800	17_EnhW2	35020
chr6	32303691	32303692	rs1265754	chr6	32337401	32337800	17_EnhW2	33710
chr6	32305543	32305544	rs926593	chr6	32337401	32337800	17_EnhW2	31858
chr6	32310862	32310863	rs2849018	chr6	32337401	32337800	17_EnhW2	26539
chr6	32315510	32315511	rs910051	chr6	32337401	32337800	17_EnhW2	21891
chr6	32325561	32325562	rs2395149	chr6	32337401	32337800	17_EnhW2	11840
chr6	32333826	32333827	rs3129927	chr6	32337401	32337800	17_EnhW2	3575
chr6	32340870	32340871	rs3117109	chr6	32339201	32339400	16_EnhW1	1471
chr6	32343235	32343236	rs2894251	chr6	32339201	32339400	16_EnhW1	3836
chr6	32343338	32343339	rs2395151	chr6	32339201	32339400	16_EnhW1	3939
chr6	32345688	32345689	rs2894254	chr6	32339201	32339400	16_EnhW1	6289
chr6	32346473	32346474	rs150353632	chr6	32339201	32339400	16_EnhW1	7074
chr6	32347078	32347079	rs200411589	chr6	32339201	32339400	16_EnhW1	7679
chr6	32349556	32349557	rs3117103	chr6	32339201	32339400	16_EnhW1	10157
chr6	32358200	32358201	rs3129950	chr6	32339201	32339400	16_EnhW1	18801
chr6	32358688	32358689	rs3117097	chr6	32339201	32339400	16_EnhW1	19289
chr6	32361820	32361821	rs3129953	chr6	32339201	32339400	16_EnhW1	22421
chr6	32363214	32363215	rs1980493	chr6	32339201	32339400	16_EnhW1	23815
chr6	32368461	32368462	rs3129956	chr6	32339201	32339400	16_EnhW1	29062
chr6	32374594	32374595	rs2395158	chr6	32339201	32339400	16_EnhW1	35195
chr6	32375795	32375796	rs3129959	chr6	32339201	32339400	16_EnhW1	36396
chr6	32377823	32377824	rs7773668	chr6	32339201	32339400	16_EnhW1	38424
chr6	32378502	32378503	rs9268510	chr6	32339201	32339400	16_EnhW1	39103
chr6	32380207	32380208	rs3129963	chr6	32339201	32339400	16_EnhW1	40808
chr6	32380829	32380830	rs3129965	chr6	32339201	32339400	16_EnhW1	41430
chr6	32381279	32381280	rs3129966	chr6	32339201	32339400	16_EnhW1	41880
chr6	32381854	32381855	rs371707645	chr6	32339201	32339400	16_EnhW1	42455
chr6	32382363	32382364	rs9279642	chr6	32339201	32339400	16_EnhW1	42964
chr6	32382608	32382609	rs3129969	chr6	32339201	32339400	16_EnhW1	43209
chr6	32382637	32382638	rs3129970	chr6	32339201	32339400	16_EnhW1	43238
chr6	32382748	32382749	rs2006174	chr6	32339201	32339400	16_EnhW1	43349
chr6	32383107	32383108	rs9268528	chr6	32339201	32339400	16_EnhW1	43708
chr6	32383207	32383208	rs6930571	chr6	32339201	32339400	16_EnhW1	43808
chr6	32383222	32383223	rs9268530	chr6	32339201	32339400	16_EnhW1	43823
chr6	32383245	32383246	rs9268531	chr6	32339201	32339400	16_EnhW1	43846
chr6	32383248	32383249	rs9268532	chr6	32339201	32339400	16_EnhW1	43849
chr6	32383306	32383307	rs9268534	chr6	32339201	32339400	16_EnhW1	43907
chr6	32383340	32383341	rs6908065	chr6	32339201	32339400	16_EnhW1	43941
chr6	32383359	32383360	rs6908056	chr6	32339201	32339400	16_EnhW1	43960
chr6	32383409	32383410	rs6930933	chr6	32339201	32339400	16_EnhW1	44010
chr6	32383440	32383441	rs3135382	chr6	32339201	32339400	16_EnhW1	44041
chr6	32383487	32383488	rs2001100	chr6	32339201	32339400	16_EnhW1	44088
chr6	32383632	32383633	rs2001099	chr6	32339201	32339400	16_EnhW1	44233
chr6	32383836	32383837	rs2001098	chr6	32339201	32339400	16_EnhW1	44437
chr6	32383857	32383858	rs2001097	chr6	32339201	32339400	16_EnhW1	44458
chr6	32384076	32384077	rs2395159	chr6	32339201	32339400	16_EnhW1	44677
chr6	32384342	32384343	rs3135381	chr6	32339201	32339400	16_EnhW1	44943
chr6	32384499	32384500	rs2227138	chr6	32339201	32339400	16_EnhW1	45100
chr6	32384676	32384677	rs3135380	chr6	32339201	32339400	16_EnhW1	45277
chr6	32384720	32384721	rs9268542	chr6	32339201	32339400	16_EnhW1	45321
chr6	32384899	32384900	rs3135379	chr6	32339201	32339400	16_EnhW1	45500
chr6	32385098	32385099	rs3135378	chr6	32339201	32339400	16_EnhW1	45699
chr6	32385452	32385453	rs9268544	chr6	32339201	32339400	16_EnhW1	46053
chr6	32385469	32385470	rs3135376	chr6	32339201	32339400	16_EnhW1	46070
chr6	32385572	32385573	rs3135375	chr6	32339201	32339400	16_EnhW1	46173
chr6	32385604	32385605	rs3135374	chr6	32339201	32339400	16_EnhW1	46205
chr6	32385652	32385653	rs3135373	chr6	32339201	32339400	16_EnhW1	46253
chr6	32385749	32385750	rs9268545	chr6	32339201	32339400	16_EnhW1	46350
chr6	32385781	32385782	rs3135372	chr6	32339201	32339400	16_EnhW1	46382
chr6	32385872	32385873	rs2187820	chr6	32339201	32339400	16_EnhW1	46473
chr6	32386060	32386061	rs2157336	chr6	32339201	32339400	16_EnhW1	46661
chr6	32386382	32386383	rs2187819	chr6	32339201	32339400	16_EnhW1	46983
chr6	32386426	32386427	rs202190613	chr6	32339201	32339400	16_EnhW1	47027
chr6	32386494	32386495	rs6457570	chr6	32339201	32339400	16_EnhW1	47095
chr6	32386505	32386506	rs6457571	chr6	32339201	32339400	16_EnhW1	47106
chr6	32386553	32386554	rs4355646	chr6	32339201	32339400	16_EnhW1	47154
chr6	32386642	32386643	rs6457573	chr6	32339201	32339400	16_EnhW1	47243
chr6	32386698	32386699	rs3135371	chr6	32339201	32339400	16_EnhW1	47299
chr6	32386706	32386707	rs3135370	chr6	32339201	32339400	16_EnhW1	47307
chr6	32386963	32386964	rs9268556	chr6	32339201	32339400	16_EnhW1	47564
chr6	32387277	32387278	rs3135368	chr6	32339201	32339400	16_EnhW1	47878
chr6	32387431	32387432	rs2395160	chr6	32339201	32339400	16_EnhW1	48032
chr6	32387751	32387752	rs2395161	chr6	32339201	32339400	16_EnhW1	48352
chr6	32387779	32387780	rs2395162	chr6	32339201	32339400	16_EnhW1	48380
chr6	32387859	32387860	rs2395164	chr6	32339201	32339400	16_EnhW1	48460
chr6	32388307	32388308	rs2395167	chr6	32339201	32339400	16_EnhW1	48908
chr6	32388573	32388574	rs2213580	chr6	32339201	32339400	16_EnhW1	49174
chr6	32388708	32388709	rs3135366	chr6	32339201	32339400	16_EnhW1	49309
chr6	32389746	32389747	rs3135362	chr6	32339201	32339400	16_EnhW1	50347
chr6	32390195	32390196	rs2395168	chr6	32339201	32339400	16_EnhW1	50796
chr6	32390331	32390332	rs2894255	chr6	32339201	32339400	16_EnhW1	50932
chr6	32390747	32390748	rs3135358	chr6	32339201	32339400	16_EnhW1	51348
chr6	32390903	32390904	rs9268568	chr6	32339201	32339400	16_EnhW1	51504
chr6	32391310	32391311	rs9279646	chr6	32339201	32339400	16_EnhW1	51911
chr6	32391515	32391516	rs3135356	chr6	32339201	32339400	16_EnhW1	52116
chr6	32392542	32392543	rs2157334	chr6	32339201	32339400	16_EnhW1	53143
chr6	32392660	32392661	rs2157332	chr6	32339201	32339400	16_EnhW1	53261
chr6	32392876	32392877	rs3135353	chr6	32339201	32339400	16_EnhW1	53477
chr6	32392944	32392945	rs3135351	chr6	32339201	32339400	16_EnhW1	53545
chr6	32393958	32393959	rs3129841	chr6	32339201	32339400	16_EnhW1	54559
chr6	32393999	32394000	rs201362398	chr6	32339201	32339400	16_EnhW1	54600
chr6	32394026	32394027	rs3135349	chr6	32339201	32339400	16_EnhW1	54627
chr6	32394059	32394060	rs3129842	chr6	32339201	32339400	16_EnhW1	54660
chr6	32394312	32394313	rs2395170	chr6	32339201	32339400	16_EnhW1	54913
chr6	32394536	32394537	rs2395171	chr6	32339201	32339400	16_EnhW1	55137
chr6	32394584	32394585	rs3135345	chr6	32339201	32339400	16_EnhW1	55185
chr6	32394844	32394845	rs763035	chr6	32339201	32339400	16_EnhW1	55445
chr6	32395464	32395465	rs1894552	chr6	32339201	32339400	16_EnhW1	56065
chr6	32395567	32395568	rs2187818	chr6	32339201	32339400	16_EnhW1	56168
chr6	32395655	32395656	rs2105903	chr6	32339201	32339400	16_EnhW1	56256
chr6	32395697	32395698	rs2105902	chr6	32339201	32339400	16_EnhW1	56298
chr6	32395725	32395726	rs3129843	chr6	32339201	32339400	16_EnhW1	56326
chr6	32396056	32396057	rs9268578	chr6	32339201	32339400	16_EnhW1	56657
chr6	32396449	32396450	rs9268579	chr6	32339201	32339400	16_EnhW1	57050
chr6	32396904	32396905	rs9268580	chr6	32339201	32339400	16_EnhW1	57505
chr6	32396963	32396964	rs9268582	chr6	32339201	32339400	16_EnhW1	57564
chr6	32397265	32397266	rs9268583	chr6	32339201	32339400	16_EnhW1	57866
chr6	32397402	32397403	rs9268585	chr6	32339201	32339400	16_EnhW1	58003
chr6	32397793	32397794	rs9268588	chr6	32339201	32339400	16_EnhW1	58394
chr6	32398201	32398202	rs9268589	chr6	32339201	32339400	16_EnhW1	58802
chr6	32398562	32398563	rs7774047	chr6	32339201	32339400	16_EnhW1	59163
chr6	32398674	32398675	rs7756262	chr6	32339201	32339400	16_EnhW1	59275
chr6	32398800	32398801	rs146453083	chr6	32339201	32339400	16_EnhW1	59401
chr6	32398840	32398841	rs3129855	chr6	32339201	32339400	16_EnhW1	59441
chr6	32398954	32398955	rs63625166	chr6	32339201	32339400	16_EnhW1	59555
chr6	32399091	32399092	rs4348358	chr6	32339201	32339400	16_EnhW1	59692
chr6	32399186	32399187	rs4321864	chr6	32339201	32339400	16_EnhW1	59787
chr6	32399336	32399337	rs3129856	chr6	32339201	32339400	16_EnhW1	59937
chr6	32399832	32399833	rs9268605	chr6	32339201	32339400	16_EnhW1	60433
chr6	32400069	32400070	rs9268606	chr6	32339201	32339400	16_EnhW1	60670
chr6	32400537	32400538	rs9268607	chr6	32339201	32339400	16_EnhW1	61138
chr6	32400839	32400840	rs370436986	chr6	32339201	32339400	16_EnhW1	61440
chr6	32400864	32400865	rs9268608	chr6	32339201	32339400	16_EnhW1	61465
chr6	32401260	32401261	rs9268609	chr6	32339201	32339400	16_EnhW1	61861
chr6	32401262	32401263	rs9268610	chr6	32339201	32339400	16_EnhW1	61863
chr6	32401531	32401532	rs3129861	chr6	32339201	32339400	16_EnhW1	62132
chr6	32401995	32401996	rs1987305	chr6	32339201	32339400	16_EnhW1	62596
chr6	32402122	32402123	rs149087081	chr6	32339201	32339400	16_EnhW1	62723
chr6	32402224	32402225	rs960736	chr6	32339201	32339400	16_EnhW1	62825
chr6	32402439	32402440	rs7753264	chr6	32339201	32339400	16_EnhW1	63040
chr6	32402463	32402464	rs7773756	chr6	32339201	32339400	16_EnhW1	63064
chr6	32402691	32402692	rs9268613	chr6	32339201	32339400	16_EnhW1	63292
chr6	32402888	32402889	rs9268615	chr6	32339201	32339400	16_EnhW1	63489
chr6	32404092	32404093	rs4612206	chr6	32339201	32339400	16_EnhW1	64693
chr6	32405696	32405697	rs374397094	chr6	32339201	32339400	16_EnhW1	66297
chr6	32406529	32406530	rs9268634	chr6	32339201	32339400	16_EnhW1	67130
chr6	32406610	32406611	rs9268636	chr6	32339201	32339400	16_EnhW1	67211
chr6	32406806	32406807	rs3763322	chr6	32339201	32339400	16_EnhW1	67407
chr6	32407708	32407709	rs14004	chr6	32339201	32339400	16_EnhW1	68309
chr6	32408496	32408497	rs3135394	chr6	32339201	32339400	16_EnhW1	69097
chr6	32408526	32408527	rs9268645	chr6	32339201	32339400	16_EnhW1	69127
chr6	32408841	32408842	rs3135393	chr6	32339201	32339400	16_EnhW1	69442
chr6	32409059	32409060	rs6925852	chr6	32339201	32339400	16_EnhW1	69660
chr6	32409304	32409305	rs6926374	chr6	32339201	32339400	16_EnhW1	69905
chr6	32409655	32409656	rs9268657	chr6	32339201	32339400	16_EnhW1	70256
chr6	32409780	32409781	rs6931646	chr6	32339201	32339400	16_EnhW1	70381
chr6	32409786	32409787	rs6911419	chr6	32339201	32339400	16_EnhW1	70387
chr6	32410209	32410210	rs3129884	chr6	32339201	32339400	16_EnhW1	70810
chr6	32410214	32410215	rs3129885	chr6	32339201	32339400	16_EnhW1	70815
chr6	32410690	32410691	rs3129887	chr6	32339201	32339400	16_EnhW1	71291
chr6	32410715	32410716	rs9268658	chr6	32339201	32339400	16_EnhW1	71316
chr6	32411306	32411307	rs2239806	chr6	32339201	32339400	16_EnhW1	71907
chr6	32411375	32411376	rs2239805	chr6	32339201	32339400	16_EnhW1	71976
chr6	32411522	32411523	rs2239804	chr6	32339201	32339400	16_EnhW1	72123
chr6	32411832	32411833	rs2239803	chr6	32339201	32339400	16_EnhW1	72433
chr6	32412027	32412028	rs375668727	chr6	32339201	32339400	16_EnhW1	72628
chr6	32412565	32412566	rs1131541	chr6	32339201	32339400	16_EnhW1	73166
chr6	32412591	32412592	rs1051336	chr6	32339201	32339400	16_EnhW1	73192
chr6	32412808	32412809	rs1041885	chr6	32339201	32339400	16_EnhW1	73409
chr6	32414432	32414433	rs9268673	chr6	32339201	32339400	16_EnhW1	75033
chr6	32414434	32414435	rs7383481	chr6	32339201	32339400	16_EnhW1	75035
chr6	32414667	32414668	rs9268677	chr6	32339201	32339400	16_EnhW1	75268
chr6	32415079	32415080	rs3129891	chr6	32339201	32339400	16_EnhW1	75680
chr6	32415385	32415386	rs9268681	chr6	32339201	32339400	16_EnhW1	75986
chr6	32415421	32415422	rs9268682	chr6	32339201	32339400	16_EnhW1	76022
chr6	32415456	32415457	rs9268684	chr6	32339201	32339400	16_EnhW1	76057
chr6	32415463	32415464	rs9268685	chr6	32339201	32339400	16_EnhW1	76064
chr6	32415539	32415540	rs9268687	chr6	32339201	32339400	16_EnhW1	76140
chr6	32415584	32415585	rs2894256	chr6	32339201	32339400	16_EnhW1	76185
chr6	32416325	32416326	rs142410897	chr6	32339201	32339400	16_EnhW1	76926
chr6	32416468	32416469	rs7762488	chr6	32339201	32339400	16_EnhW1	77069
chr6	32416825	32416826	rs9268693	chr6	32339201	32339400	16_EnhW1	77426
chr6	32417277	32417278	rs9268744	chr6	32339201	32339400	16_EnhW1	77878
chr6	32417703	32417704	rs9268759	chr6	32339201	32339400	16_EnhW1	78304
chr6	32418156	32418157	rs9268762	chr6	32339201	32339400	16_EnhW1	78757
chr6	32418415	32418416	rs9268763	chr6	32339201	32339400	16_EnhW1	79016
chr6	32418560	32418561	rs9268764	chr6	32339201	32339400	16_EnhW1	79161
chr6	32419021	32419022	rs9268767	chr6	32339201	32339400	16_EnhW1	79622
chr6	32419290	32419291	rs9268768	chr6	32339201	32339400	16_EnhW1	79891
chr6	32419546	32419547	rs6912728	chr6	32339201	32339400	16_EnhW1	80147
chr6	32419907	32419908	rs6457588	chr6	32339201	32339400	16_EnhW1	80508
chr6	32420371	32420372	rs9268778	chr6	32339201	32339400	16_EnhW1	80972
chr6	32420488	32420489	rs9268780	chr6	32339201	32339400	16_EnhW1	81089
chr6	32420791	32420792	rs9268784	chr6	32339201	32339400	16_EnhW1	81392
chr6	32420865	32420866	rs9268788	chr6	32339201	32339400	16_EnhW1	81466
chr6	32420887	32420888	rs9268789	chr6	32339201	32339400	16_EnhW1	81488
chr6	32421153	32421154	rs9268792	chr6	32339201	32339400	16_EnhW1	81754
chr6	32421468	32421469	rs3129897	chr6	32339201	32339400	16_EnhW1	82069
chr6	32421734	32421735	rs9268798	chr6	32339201	32339400	16_EnhW1	82335
chr6	32422258	32422259	rs2097441	chr6	32339201	32339400	16_EnhW1	82859
chr6	32423354	32423355	rs9268804	chr6	32339201	32339400	16_EnhW1	83955
chr6	32424175	32424176	rs9268808	chr6	32339201	32339400	16_EnhW1	84776
chr6	32424264	32424265	rs9268809	chr6	32339201	32339400	16_EnhW1	84865
chr6	32424295	32424296	rs9268810	chr6	32339201	32339400	16_EnhW1	84896
chr6	32424369	32424370	rs9268811	chr6	32339201	32339400	16_EnhW1	84970
chr6	32424593	32424594	rs9268813	chr6	32339201	32339400	16_EnhW1	85194
chr6	32424615	32424616	rs9268814	chr6	32339201	32339400	16_EnhW1	85216
chr6	32424991	32424992	rs7763411	chr6	32339201	32339400	16_EnhW1	85592
chr6	32425048	32425049	rs7743662	chr6	32339201	32339400	16_EnhW1	85649
chr6	32425604	32425605	rs7748310	chr6	32339201	32339400	16_EnhW1	86205
chr6	32425741	32425742	rs7748085	chr6	32339201	32339400	16_EnhW1	86342
chr6	32425913	32425914	rs7748825	chr6	32339201	32339400	16_EnhW1	86514
chr6	32426539	32426540	rs9268828	chr6	32339201	32339400	16_EnhW1	87140
chr6	32426601	32426602	rs9268829	chr6	32339201	32339400	16_EnhW1	87202
chr6	32428061	32428062	rs9268833	chr6	32339201	32339400	16_EnhW1	88662
chr6	32428078	32428079	rs9268834	chr6	32339201	32339400	16_EnhW1	88679
chr6	32428114	32428115	rs9268835	chr6	32339201	32339400	16_EnhW1	88715
chr6	32428714	32428715	rs9268838	chr6	32339201	32339400	16_EnhW1	89315
chr6	32428861	32428862	rs6940063	chr6	32339201	32339400	16_EnhW1	89462
chr6	32429244	32429245	rs9268846	chr6	32339201	32339400	16_EnhW1	89845
chr6	32429326	32429327	rs9268849	chr6	32339201	32339400	16_EnhW1	89927
chr6	32429642	32429643	rs9268853	chr6	32339201	32339400	16_EnhW1	90243
chr6	32429757	32429758	rs9268858	chr6	32339201	32339400	16_EnhW1	90358
chr6	32429824	32429825	rs9268860	chr6	32339201	32339400	16_EnhW1	90425
chr6	32430325	32430326	rs9268864	chr6	32339201	32339400	16_EnhW1	90926
chr6	32431123	32431124	rs7747529	chr6	32339201	32339400	16_EnhW1	91724
chr6	32431639	32431640	rs9268884	chr6	32339201	32339400	16_EnhW1	92240
chr6	32431885	32431886	rs9268889	chr6	32339201	32339400	16_EnhW1	92486
chr6	32432076	32432077	rs9268905	chr6	32339201	32339400	16_EnhW1	92677
chr6	32432180	32432181	rs9268906	chr6	32339201	32339400	16_EnhW1	92781
chr6	32432834	32432835	rs9268923	chr6	32339201	32339400	16_EnhW1	93435
chr6	32432992	32432993	rs33936419	chr6	32339201	32339400	16_EnhW1	93593
chr6	32433166	32433167	rs2395185	chr6	32339201	32339400	16_EnhW1	93767
chr6	32433191	32433192	rs2395186	chr6	32339201	32339400	16_EnhW1	93792
chr6	32433740	32433741	rs9268947	chr6	32339201	32339400	16_EnhW1	94341
chr6	32433797	32433798	rs9268949	chr6	32339201	32339400	16_EnhW1	94398
chr6	32433906	32433907	rs9268951	chr6	32339201	32339400	16_EnhW1	94507
chr6	32434010	32434011	rs9268954	chr6	32339201	32339400	16_EnhW1	94611
chr6	32434129	32434130	rs9268960	chr6	32339201	32339400	16_EnhW1	94730
chr6	32434134	32434135	rs9268961	chr6	32339201	32339400	16_EnhW1	94735
chr6	32434148	32434149	rs9268963	chr6	32339201	32339400	16_EnhW1	94749
chr6	32434239	32434240	rs9268965	chr6	32339201	32339400	16_EnhW1	94840
chr6	32434348	32434349	rs9268969	chr6	32339201	32339400	16_EnhW1	94949
chr6	32434360	32434361	rs9268970	chr6	32339201	32339400	16_EnhW1	94961
chr6	32434849	32434850	rs9391781	chr6	32339201	32339400	16_EnhW1	95450
chr6	32435337	32435338	rs4947340	chr6	32339201	32339400	16_EnhW1	95938
chr6	32435541	32435542	rs28654725	chr6	32339201	32339400	16_EnhW1	96142
chr6	32435549	32435550	rs373214970	chr6	32339201	32339400	16_EnhW1	96150
chr6	32435555	32435556	rs28895224	chr6	32339201	32339400	16_EnhW1	96156
chr6	32435683	32435684	rs28895225	chr6	32339201	32339400	16_EnhW1	96284
chr6	32436239	32436240	rs77244909	chr6	32339201	32339400	16_EnhW1	96840
chr6	32436249	32436250	rs76914018	chr6	32339201	32339400	16_EnhW1	96850
chr6	32436517	32436518	rs376126208	chr6	32339201	32339400	16_EnhW1	97118
chr6	32436528	32436529	rs199640544	chr6	32339201	32339400	16_EnhW1	97129
chr6	32436679	32436680	rs9391874	chr6	32339201	32339400	16_EnhW1	97280
chr6	32436686	32436687	rs9391785	chr6	32339201	32339400	16_EnhW1	97287
chr6	32437049	32437050	rs28895234	chr6	32339201	32339400	16_EnhW1	97650
chr6	32437159	32437160	rs28895235	chr6	32339201	32339400	16_EnhW1	97760
chr6	32437222	32437223	rs28895236	chr6	32339201	32339400	16_EnhW1	97823
chr6	32437613	32437614	rs9405038	chr6	32339201	32339400	16_EnhW1	98214
chr6	32438158	32438159	rs9368725	chr6	32339201	32339400	16_EnhW1	98759
chr6	32438297	32438298	rs9380306	chr6	32339201	32339400	16_EnhW1	98898
chr6	32438541	32438542	rs9368726	chr6	32339201	32339400	16_EnhW1	99142
chr6	32438647	32438648	rs9405108	chr6	32339201	32339400	16_EnhW1	99248
chr6	32438866	32438867	rs9391877	chr6	32339201	32339400	16_EnhW1	99467
chr6	32439028	32439029	rs9405109	chr6	32339201	32339400	16_EnhW1	99629
chr6	32439107	32439108	rs9405110	chr6	32339201	32339400	16_EnhW1	99708
chr6	32439392	32439393	rs9405040	chr6	32339201	32339400	16_EnhW1	99993
chr6	32439489	32439490	rs9391878	chr6	32339201	32339400	16_EnhW1	100090
chr6	32439827	32439828	rs9286790	chr6	32339201	32339400	16_EnhW1	100428
chr6	32440275	32440276	rs9366801	chr6	32339201	32339400	16_EnhW1	100876
chr6	32440794	32440795	rs9269075	chr6	32339201	32339400	16_EnhW1	101395
chr6	32441007	32441008	rs9348886	chr6	32339201	32339400	16_EnhW1	101608
chr6	32441149	32441150	rs12215261	chr6	32339201	32339400	16_EnhW1	101750
chr6	32441275	32441276	rs12215313	chr6	32339201	32339400	16_EnhW1	101876
chr6	32441391	32441392	rs17209747	chr6	32339201	32339400	16_EnhW1	101992
chr6	32442179	32442180	rs12197312	chr6	32339201	32339400	16_EnhW1	102780
chr6	32445599	32445600	rs9405112	chr6	32339201	32339400	16_EnhW1	106200
chr6	32446260	32446261	rs17209907	chr6	32339201	32339400	16_EnhW1	106861
chr6	32446587	32446588	rs17209950	chr6	32339201	32339400	16_EnhW1	107188
chr6	32446723	32446724	rs28952268	chr6	32339201	32339400	16_EnhW1	107324
chr6	32447666	32447667	rs35372060	chr6	32339201	32339400	16_EnhW1	108267
chr6	32449964	32449965	rs5020950	chr6	32339201	32339400	16_EnhW1	110565
chr6	32450579	32450580	rs35957722	chr6	32339201	32339400	16_EnhW1	111180
chr6	32450612	32450613	rs34303755	chr6	32339201	32339400	16_EnhW1	111213
chr6	32451287	32451288	rs79452641	chr6	32339201	32339400	16_EnhW1	111888
chr6	32451288	32451289	rs77777792	chr6	32339201	32339400	16_EnhW1	111889
chr6	32451483	32451484	rs28437337	chr6	32339201	32339400	16_EnhW1	112084
chr6	32451679	32451680	rs138473995	chr6	32339201	32339400	16_EnhW1	112280
chr6	32451692	32451693	rs71565331	chr6	32339201	32339400	16_EnhW1	112293
chr6	32451757	32451758	rs78279385	chr6	32339201	32339400	16_EnhW1	112358
chr6	32451833	32451834	rs62405562	chr6	32339201	32339400	16_EnhW1	112434
chr6	32451901	32451902	rs71565333	chr6	32339201	32339400	16_EnhW1	112502
chr6	32451946	32451947	rs71565334	chr6	32339201	32339400	16_EnhW1	112547
chr6	32451953	32451954	rs71565335	chr6	32339201	32339400	16_EnhW1	112554
chr6	32451962	32451963	rs71565336	chr6	32339201	32339400	16_EnhW1	112563
chr6	32452280	32452281	rs62405565	chr6	32339201	32339400	16_EnhW1	112881
chr6	32452505	32452506	rs71565340	chr6	32339201	32339400	16_EnhW1	113106
chr6	32453335	32453336	rs34036879	chr6	32339201	32339400	16_EnhW1	113936
chr6	32456010	32456011	rs139808806	chr6	32339201	32339400	16_EnhW1	116611
chr6	32457349	32457350	rs144150162	chr6	32339201	32339400	16_EnhW1	117950
chr6	32458167	32458168	rs78512156	chr6	32339201	32339400	16_EnhW1	118768
chr6	32458168	32458169	rs78947187	chr6	32339201	32339400	16_EnhW1	118769
chr6	32458513	32458514	rs190685297	chr6	32577201	32577400	18_EnhAc	118688
chr6	32459250	32459251	rs180852758	chr6	32577201	32577400	18_EnhAc	117951
chr6	32459748	32459749	rs75438654	chr6	32577201	32577400	18_EnhAc	117453
chr6	32459902	32459903	rs145192354	chr6	32577201	32577400	18_EnhAc	117299
chr6	32459970	32459971	rs74958579	chr6	32577201	32577400	18_EnhAc	117231
chr6	32459971	32459972	rs76870762	chr6	32577201	32577400	18_EnhAc	117230
chr6	32460485	32460486	rs113026095	chr6	32577201	32577400	18_EnhAc	116716
chr6	32460797	32460798	rs113534515	chr6	32577201	32577400	18_EnhAc	116404
chr6	32486058	32486059	rs200526004	chr6	32577201	32577400	18_EnhAc	91143
chr6	32554962	32554963	rs34614226	chr6	32577201	32577400	18_EnhAc	22239
chr6	32555988	32555989	rs17203846	chr6	32577201	32577400	18_EnhAc	21213
chr6	32556337	32556338	rs35399335	chr6	32577201	32577400	18_EnhAc	20864
chr6	32557258	32557259	rs28366212	chr6	32577201	32577400	18_EnhAc	19943
chr6	32557262	32557263	rs28366213	chr6	32577201	32577400	18_EnhAc	19939
chr6	32557320	32557321	rs17204659	chr6	32577201	32577400	18_EnhAc	19881
chr6	32559018	32559019	rs77122291	chr6	32577201	32577400	18_EnhAc	18183
chr6	32559123	32559124	rs34788621	chr6	32577201	32577400	18_EnhAc	18078
chr6	32559130	32559131	rs34127991	chr6	32577201	32577400	18_EnhAc	18071
chr6	32559211	32559212	rs75928817	chr6	32577201	32577400	18_EnhAc	17990
chr6	32559480	32559481	rs28366254	chr6	32577201	32577400	18_EnhAc	17721
chr6	32559481	32559482	rs28366255	chr6	32577201	32577400	18_EnhAc	17720
chr6	32559482	32559483	rs28357084	chr6	32577201	32577400	18_EnhAc	17719
chr6	32559498	32559499	rs28366256	chr6	32577201	32577400	18_EnhAc	17703
chr6	32559512	32559513	rs28366258	chr6	32577201	32577400	18_EnhAc	17689
chr6	32559707	32559708	rs28366265	chr6	32577201	32577400	18_EnhAc	17494
chr6	32559780	32559781	rs28366267	chr6	32577201	32577400	18_EnhAc	17421
chr6	32559873	32559874	rs28366268	chr6	32577201	32577400	18_EnhAc	17328
chr6	32559933	32559934	rs28366270	chr6	32577201	32577400	18_EnhAc	17268
chr6	32560287	32560288	rs28366283	chr6	32577201	32577400	18_EnhAc	16914
chr6	32560431	32560432	rs28366288	chr6	32577201	32577400	18_EnhAc	16770
chr6	32560511	32560512	rs67956110	chr6	32577201	32577400	18_EnhAc	16690
chr6	32560714	32560715	rs28366294	chr6	32577201	32577400	18_EnhAc	16487
chr6	32560715	32560716	rs28366295	chr6	32577201	32577400	18_EnhAc	16486
chr6	32560726	32560727	rs28366296	chr6	32577201	32577400	18_EnhAc	16475
chr6	32560828	32560829	rs28366297	chr6	32577201	32577400	18_EnhAc	16373
chr6	32560858	32560859	rs28366298	chr6	32577201	32577400	18_EnhAc	16343
chr6	32560869	32560870	rs28366299	chr6	32577201	32577400	18_EnhAc	16332
chr6	32560874	32560875	rs28366300	chr6	32577201	32577400	18_EnhAc	16327
chr6	32560882	32560883	rs28366301	chr6	32577201	32577400	18_EnhAc	16319
chr6	32560933	32560934	rs28366302	chr6	32577201	32577400	18_EnhAc	16268
chr6	32560962	32560963	rs28366303	chr6	32577201	32577400	18_EnhAc	16239
chr6	32560980	32560981	rs28366304	chr6	32577201	32577400	18_EnhAc	16221
chr6	32560981	32560982	rs28366305	chr6	32577201	32577400	18_EnhAc	16220
chr6	32560989	32560990	rs28366306	chr6	32577201	32577400	18_EnhAc	16212
chr6	32560994	32560995	rs28366307	chr6	32577201	32577400	18_EnhAc	16207
chr6	32560994	32560995	rs372699745	chr6	32577201	32577400	18_EnhAc	16207
chr6	32561042	32561043	rs28366308	chr6	32577201	32577400	18_EnhAc	16159
chr6	32561047	32561048	rs28366309	chr6	32577201	32577400	18_EnhAc	16154
chr6	32561127	32561128	rs28366310	chr6	32577201	32577400	18_EnhAc	16074
chr6	32561136	32561137	rs28366311	chr6	32577201	32577400	18_EnhAc	16065
chr6	32561174	32561175	rs28366312	chr6	32577201	32577400	18_EnhAc	16027
chr6	32561185	32561186	rs28366313	chr6	32577201	32577400	18_EnhAc	16016
chr6	32561200	32561201	rs28366314	chr6	32577201	32577400	18_EnhAc	16001
chr6	32561206	32561207	rs28366315	chr6	32577201	32577400	18_EnhAc	15995
chr6	32561245	32561246	rs28366316	chr6	32577201	32577400	18_EnhAc	15956
chr6	32561410	32561411	rs28366317	chr6	32577201	32577400	18_EnhAc	15791
chr6	32561494	32561495	rs28366319	chr6	32577201	32577400	18_EnhAc	15707
chr6	32561608	32561609	rs28366323	chr6	32577201	32577400	18_EnhAc	15593
chr6	32561658	32561659	rs28366325	chr6	32577201	32577400	18_EnhAc	15543
chr6	32561677	32561678	rs28366327	chr6	32577201	32577400	18_EnhAc	15524
chr6	32561765	32561766	rs28366328	chr6	32577201	32577400	18_EnhAc	15436
chr6	32561818	32561819	rs28366329	chr6	32577201	32577400	18_EnhAc	15383
chr6	32561845	32561846	rs28366330	chr6	32577201	32577400	18_EnhAc	15356
chr6	32561879	32561880	rs28366331	chr6	32577201	32577400	18_EnhAc	15322
chr6	32561884	32561885	rs28366332	chr6	32577201	32577400	18_EnhAc	15317
chr6	32561886	32561887	rs28366333	chr6	32577201	32577400	18_EnhAc	15315
chr6	32564783	32564784	rs28366341	chr6	32577201	32577400	18_EnhAc	12418
chr6	32564802	32564803	rs28366343	chr6	32577201	32577400	18_EnhAc	12399
chr6	32564812	32564813	rs28366344	chr6	32577201	32577400	18_EnhAc	12389
chr6	32564989	32564990	rs28366351	chr6	32577201	32577400	18_EnhAc	12212
chr6	32564992	32564993	rs28366352	chr6	32577201	32577400	18_EnhAc	12209
chr6	32565003	32565004	rs28366353	chr6	32577201	32577400	18_EnhAc	12198
chr6	32565043	32565044	rs28366354	chr6	32577201	32577400	18_EnhAc	12158
chr6	32565055	32565056	rs28366355	chr6	32577201	32577400	18_EnhAc	12146
chr6	32565090	32565091	rs28366356	chr6	32577201	32577400	18_EnhAc	12111
chr6	32565137	32565138	rs28366357	chr6	32577201	32577400	18_EnhAc	12064
chr6	32565163	32565164	rs28366358	chr6	32577201	32577400	18_EnhAc	12038
chr6	32565168	32565169	rs28366359	chr6	32577201	32577400	18_EnhAc	12033
chr6	32565175	32565176	rs28366360	chr6	32577201	32577400	18_EnhAc	12026
chr6	32565196	32565197	rs28366361	chr6	32577201	32577400	18_EnhAc	12005
chr6	32565212	32565213	rs28366362	chr6	32577201	32577400	18_EnhAc	11989
chr6	32565531	32565532	rs28366364	chr6	32577201	32577400	18_EnhAc	11670
chr6	32565559	32565560	rs28366365	chr6	32577201	32577400	18_EnhAc	11642
chr6	32565570	32565571	rs28366367	chr6	32577201	32577400	18_EnhAc	11631
chr6	32565587	32565588	rs28383168	chr6	32577201	32577400	18_EnhAc	11614
chr6	32565721	32565722	rs28383170	chr6	32577201	32577400	18_EnhAc	11480
chr6	32565734	32565735	rs28383171	chr6	32577201	32577400	18_EnhAc	11467
chr6	32566286	32566287	rs28383173	chr6	32577201	32577400	18_EnhAc	10915
chr6	32566287	32566288	rs28383174	chr6	32577201	32577400	18_EnhAc	10914
chr6	32566645	32566646	rs202109969	chr6	32577201	32577400	18_EnhAc	10556
chr6	32566711	32566712	rs75783927	chr6	32577201	32577400	18_EnhAc	10490
chr6	32567896	32567897	rs28752490	chr6	32577201	32577400	18_EnhAc	9305
chr6	32568137	32568138	rs28752492	chr6	32577201	32577400	18_EnhAc	9064
chr6	32568164	32568165	rs28752493	chr6	32577201	32577400	18_EnhAc	9037
chr6	32568239	32568240	rs28752494	chr6	32577201	32577400	18_EnhAc	8962
chr6	32568314	32568315	rs28752495	chr6	32577201	32577400	18_EnhAc	8887
chr6	32568480	32568481	rs28752497	chr6	32577201	32577400	18_EnhAc	8721
chr6	32568651	32568652	rs28752498	chr6	32577201	32577400	18_EnhAc	8550
chr6	32569690	32569691	rs477515	chr6	32577201	32577400	18_EnhAc	7511
chr6	32569851	32569852	rs622137	chr6	32577201	32577400	18_EnhAc	7350
chr6	32570146	32570147	rs2516052	chr6	32577201	32577400	18_EnhAc	7055
chr6	32570183	32570184	rs2516051	chr6	32577201	32577400	18_EnhAc	7018
chr6	32570399	32570400	rs2516049	chr6	32577201	32577400	18_EnhAc	6802
chr6	32570400	32570401	rs2454138	chr6	32577201	32577400	18_EnhAc	6801
chr6	32570879	32570880	rs556025	chr6	32577201	32577400	18_EnhAc	6322
chr6	32571115	32571116	rs28383179	chr6	32577201	32577400	18_EnhAc	6086
chr6	32571117	32571118	rs28383180	chr6	32577201	32577400	18_EnhAc	6084
chr6	32571668	32571669	rs28383181	chr6	32577201	32577400	18_EnhAc	5533
chr6	32571810	32571811	rs28383182	chr6	32577201	32577400	18_EnhAc	5391
chr6	32572029	32572030	rs526784	chr6	32577201	32577400	18_EnhAc	5172
chr6	32572047	32572048	rs28383186	chr6	32577201	32577400	18_EnhAc	5154
chr6	32572179	32572180	rs9270910	chr6	32577201	32577400	18_EnhAc	5022
chr6	32572201	32572202	rs9270911	chr6	32577201	32577400	18_EnhAc	5000
chr6	32572310	32572311	rs586610	chr6	32577201	32577400	18_EnhAc	4891
chr6	32572903	32572904	rs574170	chr6	32577201	32577400	18_EnhAc	4298
chr6	32573292	32573293	rs601481	chr6	32577201	32577400	18_EnhAc	3909
chr6	32573876	32573877	rs614348	chr6	32577201	32577400	18_EnhAc	3325
chr6	32573933	32573934	rs543713	chr6	32577201	32577400	18_EnhAc	3268
chr6	32575043	32575044	rs139296319	chr6	32577201	32577400	18_EnhAc	2158
chr6	32575917	32575918	rs643889	chr6	32577201	32577400	18_EnhAc	1284
chr6	32576008	32576009	rs482205	chr6	32577201	32577400	18_EnhAc	1193
chr6	32576018	32576019	rs482162	chr6	32577201	32577400	18_EnhAc	1183
chr6	32576144	32576145	rs481139	chr6	32577201	32577400	18_EnhAc	1057
chr6	32577632	32577633	rs535777	chr6	32577601	32578000	16_EnhW1	0
chr6	32581921	32581922	rs522308	chr6	32577601	32578000	16_EnhW1	3922
chr6	32584421	32584422	rs28359885	chr6	32577601	32578000	16_EnhW1	6422
chr6	32584624	32584625	rs3129758	chr6	32577601	32578000	16_EnhW1	6625
chr6	32584917	32584918	rs28752526	chr6	32577601	32578000	16_EnhW1	6918
chr6	32584951	32584952	rs685810	chr6	32577601	32578000	16_EnhW1	6952
chr6	32587089	32587090	rs28383312	chr6	32577601	32578000	16_EnhW1	9090
chr6	32587112	32587113	rs9271376	chr6	32577601	32578000	16_EnhW1	9113
chr6	32587116	32587117	rs28383313	chr6	32577601	32578000	16_EnhW1	9117
chr6	32587390	32587391	rs9271383	chr6	32577601	32578000	16_EnhW1	9391
chr6	32587423	32587424	rs9271387	chr6	32577601	32578000	16_EnhW1	9424
chr6	32587462	32587463	rs369854808	chr6	32577601	32578000	16_EnhW1	9463
chr6	32587479	32587480	rs9271394	chr6	32577601	32578000	16_EnhW1	9480
chr6	32587507	32587508	rs9271398	chr6	32577601	32578000	16_EnhW1	9508
chr6	32587519	32587520	rs9271400	chr6	32577601	32578000	16_EnhW1	9520
chr6	32587535	32587536	rs9271403	chr6	32577601	32578000	16_EnhW1	9536
chr6	32587552	32587553	rs9271404	chr6	32577601	32578000	16_EnhW1	9553
chr6	32587612	32587613	rs9271408	chr6	32577601	32578000	16_EnhW1	9613
chr6	32587627	32587628	rs9271409	chr6	32577601	32578000	16_EnhW1	9628
chr6	32587660	32587661	rs9271411	chr6	32577601	32578000	16_EnhW1	9661
chr6	32587811	32587812	rs9271416	chr6	32577601	32578000	16_EnhW1	9812
chr6	32587972	32587973	rs9271426	chr6	32577601	32578000	16_EnhW1	9973
chr6	32588001	32588002	rs9271430	chr6	32577601	32578000	16_EnhW1	10002
chr6	32588055	32588056	rs9271432	chr6	32577601	32578000	16_EnhW1	10056
chr6	32588056	32588057	rs9271433	chr6	32577601	32578000	16_EnhW1	10057
chr6	32588057	32588058	rs9271434	chr6	32577601	32578000	16_EnhW1	10058
chr6	32588192	32588193	rs9271438	chr6	32577601	32578000	16_EnhW1	10193
chr6	32588259	32588260	rs9271442	chr6	32577601	32578000	16_EnhW1	10260
chr6	32588298	32588299	rs9271445	chr6	32577601	32578000	16_EnhW1	10299
chr6	32588317	32588318	rs141060192	chr6	32577601	32578000	16_EnhW1	10318
chr6	32588499	32588500	rs9271461	chr6	32577601	32578000	16_EnhW1	10500
chr6	32588543	32588544	rs9271464	chr6	32577601	32578000	16_EnhW1	10544
chr6	32588553	32588554	rs9271465	chr6	32577601	32578000	16_EnhW1	10554
chr6	32588629	32588630	rs9271469	chr6	32577601	32578000	16_EnhW1	10630
chr6	32588661	32588662	rs9271470	chr6	32577601	32578000	16_EnhW1	10662
chr6	32588699	32588700	rs9271472	chr6	32577601	32578000	16_EnhW1	10700
chr6	32588706	32588707	rs9271474	chr6	32577601	32578000	16_EnhW1	10707
chr6	32588830	32588831	rs9271480	chr6	32577601	32578000	16_EnhW1	10831
chr6	32588952	32588953	rs9271485	chr6	32577601	32578000	16_EnhW1	10953
chr6	32588970	32588971	rs145443211	chr6	32577601	32578000	16_EnhW1	10971
chr6	32588979	32588980	rs9271486	chr6	32577601	32578000	16_EnhW1	10980
chr6	32588999	32589000	rs9271488	chr6	32577601	32578000	16_EnhW1	11000
chr6	32589244	32589245	rs9271497	chr6	32577601	32578000	16_EnhW1	11245
chr6	32589281	32589282	rs9271498	chr6	32577601	32578000	16_EnhW1	11282
chr6	32589325	32589326	rs9271503	chr6	32577601	32578000	16_EnhW1	11326
chr6	32589367	32589368	rs9271504	chr6	32577601	32578000	16_EnhW1	11368
chr6	32589482	32589483	rs9271511	chr6	32577601	32578000	16_EnhW1	11483
chr6	32589667	32589668	rs9271516	chr6	32577601	32578000	16_EnhW1	11668
chr6	32589731	32589732	rs150701685	chr6	32577601	32578000	16_EnhW1	11732
chr6	32589739	32589740	rs9271517	chr6	32577601	32578000	16_EnhW1	11740
chr6	32589750	32589751	rs9271519	chr6	32577601	32578000	16_EnhW1	11751
chr6	32589770	32589771	rs9271520	chr6	32577601	32578000	16_EnhW1	11771
chr6	32589782	32589783	rs9271521	chr6	32577601	32578000	16_EnhW1	11783
chr6	32589805	32589806	rs9271523	chr6	32577601	32578000	16_EnhW1	11806
chr6	32589944	32589945	rs9271532	chr6	32577601	32578000	16_EnhW1	11945
chr6	32590028	32590029	rs9271540	chr6	32577601	32578000	16_EnhW1	12029
chr6	32590087	32590088	rs142266382	chr6	32577601	32578000	16_EnhW1	12088
chr6	32590090	32590091	rs9271542	chr6	32577601	32578000	16_EnhW1	12091
chr6	32590119	32590120	rs9271544	chr6	32577601	32578000	16_EnhW1	12120
chr6	32590247	32590248	rs9271549	chr6	32577601	32578000	16_EnhW1	12248
chr6	32590316	32590317	rs9271554	chr6	32577601	32578000	16_EnhW1	12317
chr6	32590380	32590381	rs9271560	chr6	32577601	32578000	16_EnhW1	12381
chr6	32590392	32590393	rs9271561	chr6	32577601	32578000	16_EnhW1	12393
chr6	32590427	32590428	rs9271563	chr6	32577601	32578000	16_EnhW1	12428
chr6	32590435	32590436	rs9271564	chr6	32577601	32578000	16_EnhW1	12436
chr6	32590436	32590437	rs9271565	chr6	32577601	32578000	16_EnhW1	12437
chr6	32590462	32590463	rs9271568	chr6	32577601	32578000	16_EnhW1	12463
chr6	32590482	32590483	rs9271571	chr6	32577601	32578000	16_EnhW1	12483
chr6	32590589	32590590	rs9271574	chr6	32577601	32578000	16_EnhW1	12590
chr6	32590601	32590602	rs67993647	chr6	32577601	32578000	16_EnhW1	12602
chr6	32590611	32590612	rs9271576	chr6	32577601	32578000	16_EnhW1	12612
chr6	32590773	32590774	rs9271582	chr6	32577601	32578000	16_EnhW1	12774
chr6	32590779	32590780	rs9271583	chr6	32577601	32578000	16_EnhW1	12780
chr6	32590869	32590870	rs9271584	chr6	32577601	32578000	16_EnhW1	12870
chr6	32590878	32590879	rs9271585	chr6	32577601	32578000	16_EnhW1	12879
chr6	32591127	32591128	rs9271589	chr6	32577601	32578000	16_EnhW1	13128
chr6	32591172	32591173	rs9271592	chr6	32577601	32578000	16_EnhW1	13173
chr6	32591234	32591235	rs9271595	chr6	32577601	32578000	16_EnhW1	13235
chr6	32591236	32591237	rs9271596	chr6	32577601	32578000	16_EnhW1	13237
chr6	32591382	32591383	rs9271602	chr6	32577601	32578000	16_EnhW1	13383
chr6	32591429	32591430	rs9271604	chr6	32577601	32578000	16_EnhW1	13430
chr6	32591447	32591448	rs9271605	chr6	32577601	32578000	16_EnhW1	13448
chr6	32591565	32591566	rs9271607	chr6	32577601	32578000	16_EnhW1	13566
chr6	32591596	32591597	rs9271609	chr6	32577601	32578000	16_EnhW1	13597
chr6	32591840	32591841	rs9271621	chr6	32577601	32578000	16_EnhW1	13841
chr6	32591841	32591842	rs41315758	chr6	32577601	32578000	16_EnhW1	13842
chr6	32591920	32591921	rs9271624	chr6	32577601	32578000	16_EnhW1	13921
chr6	32591970	32591971	rs9271628	chr6	32577601	32578000	16_EnhW1	13971
chr6	32592034	32592035	rs66735039	chr6	32577601	32578000	16_EnhW1	14035
chr6	32592123	32592124	rs9271637	chr6	32577601	32578000	16_EnhW1	14124
chr6	32592228	32592229	rs9271643	chr6	32577601	32578000	16_EnhW1	14229
chr6	32592336	32592337	rs9271644	chr6	32577601	32578000	16_EnhW1	14337
chr6	32592601	32592602	rs9271660	chr6	32577601	32578000	16_EnhW1	14602
chr6	32592604	32592605	rs9271661	chr6	32577601	32578000	16_EnhW1	14605
chr6	32592844	32592845	rs9271674	chr6	32577601	32578000	16_EnhW1	14845
chr6	32592861	32592862	rs9271675	chr6	32577601	32578000	16_EnhW1	14862
chr6	32592867	32592868	rs9271676	chr6	32577601	32578000	16_EnhW1	14868
chr6	32592897	32592898	rs9271677	chr6	32577601	32578000	16_EnhW1	14898
chr6	32592922	32592923	rs9271682	chr6	32577601	32578000	16_EnhW1	14923
chr6	32592969	32592970	rs9271685	chr6	32577601	32578000	16_EnhW1	14970
chr6	32593032	32593033	rs9271693	chr6	32577601	32578000	16_EnhW1	15033
chr6	32593166	32593167	rs4587163	chr6	32577601	32578000	16_EnhW1	15167
chr6	32593464	32593465	rs9271718	chr6	32577601	32578000	16_EnhW1	15465
chr6	32593521	32593522	rs9271722	chr6	32577601	32578000	16_EnhW1	15522
chr6	32593648	32593649	rs9271735	chr6	32577601	32578000	16_EnhW1	15649
chr6	32593687	32593688	rs9271736	chr6	32577601	32578000	16_EnhW1	15688
chr6	32594021	32594022	rs9271761	chr6	32577601	32578000	16_EnhW1	16022
chr6	32594027	32594028	rs9271762	chr6	32577601	32578000	16_EnhW1	16028
chr6	32594158	32594159	rs9271764	chr6	32577601	32578000	16_EnhW1	16159
chr6	32594165	32594166	rs9271765	chr6	32577601	32578000	16_EnhW1	16166
chr6	32594175	32594176	rs9271767	chr6	32577601	32578000	16_EnhW1	16176
chr6	32594187	32594188	rs9271768	chr6	32577601	32578000	16_EnhW1	16188
chr6	32594216	32594217	rs9271769	chr6	32577601	32578000	16_EnhW1	16217
chr6	32594303	32594304	rs9271773	chr6	32577601	32578000	16_EnhW1	16304
chr6	32594340	32594341	rs9271776	chr6	32577601	32578000	16_EnhW1	16341
chr6	32594402	32594403	rs3104393	chr6	32577601	32578000	16_EnhW1	16403
chr6	32594440	32594441	rs3129766	chr6	32577601	32578000	16_EnhW1	16441
chr6	32595096	32595097	rs3104389	chr6	32577601	32578000	16_EnhW1	17097
chr6	32595116	32595117	rs9271853	chr6	32577601	32578000	16_EnhW1	17117
chr6	32595277	32595278	rs9271860	chr6	32577601	32578000	16_EnhW1	17278
chr6	32596474	32596475	rs2133035	chr6	32577601	32578000	16_EnhW1	18475
chr6	32596844	32596845	rs149007683	chr6	32577601	32578000	16_EnhW1	18845
chr6	32597537	32597538	rs3104385	chr6	32577601	32578000	16_EnhW1	19538
chr6	32598580	32598581	rs9272025	chr6	32577601	32578000	16_EnhW1	20581
chr6	32600002	32600003	rs3104376	chr6	32577601	32578000	16_EnhW1	22003
chr6	32600764	32600765	rs9272139	chr6	32577601	32578000	16_EnhW1	22765
chr6	32601884	32601885	rs9272202	chr6	32577601	32578000	16_EnhW1	23885
chr6	32601976	32601977	rs9272209	chr6	32577601	32578000	16_EnhW1	23977
chr6	32602016	32602017	rs9272210	chr6	32577601	32578000	16_EnhW1	24017
chr6	32602021	32602022	rs9281988	chr6	32577601	32578000	16_EnhW1	24022
chr6	32602028	32602029	rs9272211	chr6	32577601	32578000	16_EnhW1	24029
chr6	32602030	32602031	rs9281989	chr6	32577601	32578000	16_EnhW1	24031
chr6	32602697	32602698	rs78827939	chr6	32577601	32578000	16_EnhW1	24698
chr6	32602759	32602760	rs80095283	chr6	32577601	32578000	16_EnhW1	24760
chr6	32603486	32603487	rs3104367	chr6	32577601	32578000	16_EnhW1	25487
chr6	32603712	32603713	rs9272290	chr6	32577601	32578000	16_EnhW1	25713
chr6	32603967	32603968	rs3104364	chr6	32577601	32578000	16_EnhW1	25968
chr6	32603999	32604000	rs3104363	chr6	32577601	32578000	16_EnhW1	26000
chr6	32604049	32604050	rs9272316	chr6	32577601	32578000	16_EnhW1	26050
chr6	32604050	32604051	rs9272317	chr6	32577601	32578000	16_EnhW1	26051
chr6	32604058	32604059	rs9272318	chr6	32577601	32578000	16_EnhW1	26059
chr6	32604107	32604108	rs9272319	chr6	32577601	32578000	16_EnhW1	26108
chr6	32604123	32604124	rs9272320	chr6	32577601	32578000	16_EnhW1	26124
chr6	32604150	32604151	rs9272323	chr6	32577601	32578000	16_EnhW1	26151
chr6	32604212	32604213	rs9272330	chr6	32577601	32578000	16_EnhW1	26213
chr6	32604258	32604259	rs9272335	chr6	32577601	32578000	16_EnhW1	26259
chr6	32604371	32604372	rs9272346	chr6	32577601	32578000	16_EnhW1	26372
chr6	32604393	32604394	rs9272347	chr6	32577601	32578000	16_EnhW1	26394
chr6	32604409	32604410	rs9272350	chr6	32577601	32578000	16_EnhW1	26410
chr6	32604514	32604515	rs9272355	chr6	32577601	32578000	16_EnhW1	26515
chr6	32604521	32604522	rs9272357	chr6	32577601	32578000	16_EnhW1	26522
chr6	32604537	32604538	rs9272358	chr6	32577601	32578000	16_EnhW1	26538
chr6	32604563	32604564	rs9272362	chr6	32577601	32578000	16_EnhW1	26564
chr6	32604620	32604621	rs9272365	chr6	32577601	32578000	16_EnhW1	26621
chr6	32604621	32604622	rs9272366	chr6	32577601	32578000	16_EnhW1	26622
chr6	32604641	32604642	rs9272368	chr6	32577601	32578000	16_EnhW1	26642
chr6	32604643	32604644	rs9272370	chr6	32577601	32578000	16_EnhW1	26644
chr6	32604696	32604697	rs9272376	chr6	32577601	32578000	16_EnhW1	26697
chr6	32604698	32604699	rs9272377	chr6	32577601	32578000	16_EnhW1	26699
chr6	32604717	32604718	rs9272378	chr6	32577601	32578000	16_EnhW1	26718
chr6	32604726	32604727	rs9272379	chr6	32577601	32578000	16_EnhW1	26727
chr6	32604731	32604732	rs9272380	chr6	32577601	32578000	16_EnhW1	26732
chr6	32604775	32604776	rs9272387	chr6	32577601	32578000	16_EnhW1	26776
chr6	32604792	32604793	rs9272389	chr6	32577601	32578000	16_EnhW1	26793
chr6	32604825	32604826	rs9272393	chr6	32577601	32578000	16_EnhW1	26826
chr6	32604930	32604931	rs9272407	chr6	32577601	32578000	16_EnhW1	26931
chr6	32604979	32604980	rs9272411	chr6	32577601	32578000	16_EnhW1	26980
chr6	32605027	32605028	rs112853082	chr6	32577601	32578000	16_EnhW1	27028
chr6	32605042	32605043	rs9272416	chr6	32577601	32578000	16_EnhW1	27043
chr6	32605100	32605101	rs9272420	chr6	32577601	32578000	16_EnhW1	27101
chr6	32605206	32605207	rs3187964	chr6	32577601	32578000	16_EnhW1	27207
chr6	32605256	32605257	rs1047989	chr6	32577601	32578000	16_EnhW1	27257
chr6	32605273	32605274	rs1130034	chr6	32577601	32578000	16_EnhW1	27274
chr6	32605294	32605295	rs1129735	chr6	32577601	32578000	16_EnhW1	27295
chr6	32605335	32605336	rs9272435	chr6	32577601	32578000	16_EnhW1	27336
chr6	32605379	32605380	rs9272441	chr6	32577601	32578000	16_EnhW1	27380
chr6	32605399	32605400	rs9272442	chr6	32577601	32578000	16_EnhW1	27400
chr6	32605417	32605418	rs9272443	chr6	32577601	32578000	16_EnhW1	27418
chr6	32605418	32605419	rs9272444	chr6	32577601	32578000	16_EnhW1	27419
chr6	32605436	32605437	rs7751376	chr6	32577601	32578000	16_EnhW1	27437
chr6	32605500	32605501	rs9272451	chr6	32577601	32578000	16_EnhW1	27501
chr6	32605507	32605508	rs2213287	chr6	32577601	32578000	16_EnhW1	27508
chr6	32605524	32605525	rs9272454	chr6	32577601	32578000	16_EnhW1	27525
chr6	32605645	32605646	rs9272463	chr6	32577601	32578000	16_EnhW1	27646
chr6	32605704	32605705	rs9272467	chr6	32577601	32578000	16_EnhW1	27705
chr6	32605707	32605708	rs9272468	chr6	32577601	32578000	16_EnhW1	27708
chr6	32605723	32605724	rs9272472	chr6	32577601	32578000	16_EnhW1	27724
chr6	32605737	32605738	rs9272473	chr6	32577601	32578000	16_EnhW1	27738
chr6	32605753	32605754	rs9272474	chr6	32577601	32578000	16_EnhW1	27754
chr6	32605758	32605759	rs9272476	chr6	32577601	32578000	16_EnhW1	27759
chr6	32605883	32605884	rs2187668	chr6	32577601	32578000	16_EnhW1	27884
chr6	32605919	32605920	rs9272482	chr6	32577601	32578000	16_EnhW1	27920
chr6	32605934	32605935	rs78045276	chr6	32577601	32578000	16_EnhW1	27935
chr6	32605942	32605943	rs9272484	chr6	32577601	32578000	16_EnhW1	27943
chr6	32605971	32605972	rs9272485	chr6	32577601	32578000	16_EnhW1	27972
chr6	32606004	32606005	rs9272488	chr6	32577601	32578000	16_EnhW1	28005
chr6	32606045	32606046	rs9272491	chr6	32577601	32578000	16_EnhW1	28046
chr6	32606051	32606052	rs9272492	chr6	32577601	32578000	16_EnhW1	28052
chr6	32606084	32606085	rs9272494	chr6	32577601	32578000	16_EnhW1	28085
chr6	32606175	32606176	rs9272497	chr6	32577601	32578000	16_EnhW1	28176
chr6	32606216	32606217	rs9272498	chr6	32577601	32578000	16_EnhW1	28217
chr6	32606243	32606244	rs9272502	chr6	32577601	32578000	16_EnhW1	28244
chr6	32606285	32606286	rs9272503	chr6	32577601	32578000	16_EnhW1	28286
chr6	32606323	32606324	rs9272507	chr6	32577601	32578000	16_EnhW1	28324
chr6	32606324	32606325	rs9272508	chr6	32577601	32578000	16_EnhW1	28325
chr6	32606356	32606357	rs9272509	chr6	32577601	32578000	16_EnhW1	28357
chr6	32606366	32606367	rs9272510	chr6	32577601	32578000	16_EnhW1	28367
chr6	32606379	32606380	rs9272513	chr6	32577601	32578000	16_EnhW1	28380
chr6	32606384	32606385	rs9272514	chr6	32577601	32578000	16_EnhW1	28385
chr6	32606474	32606475	rs9272520	chr6	32577601	32578000	16_EnhW1	28475
chr6	32606558	32606559	rs9272525	chr6	32577601	32578000	16_EnhW1	28559
chr6	32606616	32606617	rs9272528	chr6	32577601	32578000	16_EnhW1	28617
chr6	32606645	32606646	rs28383356	chr6	32577601	32578000	16_EnhW1	28646
chr6	32606731	32606732	rs28383357	chr6	32577601	32578000	16_EnhW1	28732
chr6	32606808	32606809	rs9272538	chr6	32577601	32578000	16_EnhW1	28809
chr6	32606833	32606834	rs9272540	chr6	32577601	32578000	16_EnhW1	28834
chr6	32606941	32606942	rs28383365	chr6	32577601	32578000	16_EnhW1	28942
chr6	32607007	32607008	rs9272553	chr6	32577601	32578000	16_EnhW1	29008
chr6	32607030	32607031	rs28383367	chr6	32577601	32578000	16_EnhW1	29031
chr6	32607036	32607037	rs9279894	chr6	32577601	32578000	16_EnhW1	29037
chr6	32607041	32607042	rs9272555	chr6	32577601	32578000	16_EnhW1	29042
chr6	32607045	32607046	rs9272556	chr6	32577601	32578000	16_EnhW1	29046
chr6	32607280	32607281	rs9272574	chr6	32577601	32578000	16_EnhW1	29281
chr6	32607287	32607288	rs28383381	chr6	32577601	32578000	16_EnhW1	29288
chr6	32607319	32607320	rs28383382	chr6	32577601	32578000	16_EnhW1	29320
chr6	32607367	32607368	rs28383383	chr6	32577601	32578000	16_EnhW1	29368
chr6	32607388	32607389	rs9272578	chr6	32577601	32578000	16_EnhW1	29389
chr6	32607395	32607396	rs2284189	chr6	32577601	32578000	16_EnhW1	29396
chr6	32607637	32607638	rs9272599	chr6	32577601	32578000	16_EnhW1	29638
chr6	32607734	32607735	rs9272607	chr6	32577601	32578000	16_EnhW1	29735
chr6	32607749	32607750	rs9272609	chr6	32577601	32578000	16_EnhW1	29750
chr6	32607779	32607780	rs9272611	chr6	32577601	32578000	16_EnhW1	29780
chr6	32607819	32607820	rs28383397	chr6	32577601	32578000	16_EnhW1	29820
chr6	32607827	32607828	rs28383398	chr6	32577601	32578000	16_EnhW1	29828
chr6	32607828	32607829	rs9272613	chr6	32577601	32578000	16_EnhW1	29829
chr6	32607858	32607859	rs9272614	chr6	32577601	32578000	16_EnhW1	29859
chr6	32607900	32607901	rs372560495	chr6	32577601	32578000	16_EnhW1	29901
chr6	32607926	32607927	rs9272618	chr6	32577601	32578000	16_EnhW1	29927
chr6	32607972	32607973	rs28383401	chr6	32577601	32578000	16_EnhW1	29973
chr6	32607984	32607985	rs28383402	chr6	32577601	32578000	16_EnhW1	29985
chr6	32608013	32608014	rs9272625	chr6	32577601	32578000	16_EnhW1	30014
chr6	32608034	32608035	rs28383403	chr6	32577601	32578000	16_EnhW1	30035
chr6	32608092	32608093	rs9272628	chr6	32577601	32578000	16_EnhW1	30093
chr6	32608095	32608096	rs9272629	chr6	32577601	32578000	16_EnhW1	30096
chr6	32608107	32608108	rs28383405	chr6	32577601	32578000	16_EnhW1	30108
chr6	32608178	32608179	rs28383406	chr6	32577601	32578000	16_EnhW1	30179
chr6	32608183	32608184	rs9272634	chr6	32577601	32578000	16_EnhW1	30184
chr6	32608186	32608187	rs28383407	chr6	32577601	32578000	16_EnhW1	30187
chr6	32608212	32608213	rs9272637	chr6	32577601	32578000	16_EnhW1	30213
chr6	32608250	32608251	rs28383408	chr6	32577601	32578000	16_EnhW1	30251
chr6	32608302	32608303	rs9272642	chr6	32577601	32578000	16_EnhW1	30303
chr6	32608303	32608304	rs9272643	chr6	32577601	32578000	16_EnhW1	30304
chr6	32608330	32608331	rs9272645	chr6	32577601	32578000	16_EnhW1	30331
chr6	32608416	32608417	rs28383413	chr6	32577601	32578000	16_EnhW1	30417
chr6	32608466	32608467	rs28383414	chr6	32577601	32578000	16_EnhW1	30467
chr6	32608472	32608473	rs28383415	chr6	32577601	32578000	16_EnhW1	30473
chr6	32608482	32608483	rs28383416	chr6	32577601	32578000	16_EnhW1	30483
chr6	32608507	32608508	rs9272647	chr6	32577601	32578000	16_EnhW1	30508
chr6	32608536	32608537	rs28383418	chr6	32577601	32578000	16_EnhW1	30537
chr6	32608621	32608622	rs28383419	chr6	32577601	32578000	16_EnhW1	30622
chr6	32608628	32608629	rs9272656	chr6	32577601	32578000	16_EnhW1	30629
chr6	32608679	32608680	rs9272661	chr6	32577601	32578000	16_EnhW1	30680
chr6	32608706	32608707	rs28383420	chr6	32577601	32578000	16_EnhW1	30707
chr6	32608709	32608710	rs9272664	chr6	32577601	32578000	16_EnhW1	30710
chr6	32608819	32608820	rs9272670	chr6	32577601	32578000	16_EnhW1	30820
chr6	32608924	32608925	rs28383434	chr6	32577601	32578000	16_EnhW1	30925
chr6	32609041	32609042	rs28383439	chr6	32577601	32578000	16_EnhW1	31042
chr6	32609104	32609105	rs1129740	chr6	32577601	32578000	16_EnhW1	31105
chr6	32609105	32609106	rs3205916	chr6	32577601	32578000	16_EnhW1	31106
chr6	32609125	32609126	rs1071630	chr6	32577601	32578000	16_EnhW1	31126
chr6	32609212	32609213	rs3207983	chr6	32577601	32578000	16_EnhW1	31213
chr6	32609220	32609221	rs12722061	chr6	32577601	32578000	16_EnhW1	31221
chr6	32609455	32609456	rs28383457	chr6	32577601	32578000	16_EnhW1	31456
chr6	32609512	32609513	rs9272725	chr6	32577601	32578000	16_EnhW1	31513
chr6	32609513	32609514	rs34719927	chr6	32577601	32578000	16_EnhW1	31514
chr6	32609585	32609586	rs28383460	chr6	32577601	32578000	16_EnhW1	31586
chr6	32609593	32609594	rs9272729	chr6	32577601	32578000	16_EnhW1	31594
chr6	32609633	32609634	rs9272730	chr6	32577601	32578000	16_EnhW1	31634
chr6	32609644	32609645	rs9272731	chr6	32577601	32578000	16_EnhW1	31645
chr6	32609646	32609647	rs9272732	chr6	32577601	32578000	16_EnhW1	31647
chr6	32609651	32609652	rs9272733	chr6	32577601	32578000	16_EnhW1	31652
chr6	32609653	32609654	rs9272734	chr6	32577601	32578000	16_EnhW1	31654
chr6	32609654	32609655	rs9272735	chr6	32577601	32578000	16_EnhW1	31655
chr6	32609670	32609671	rs9272736	chr6	32577601	32578000	16_EnhW1	31671
chr6	32609672	32609673	rs9272737	chr6	32577601	32578000	16_EnhW1	31673
chr6	32609745	32609746	rs9272744	chr6	32577601	32578000	16_EnhW1	31746
chr6	32609854	32609855	rs1048173	chr6	32577601	32578000	16_EnhW1	31855
chr6	32610007	32610008	rs2308890	chr6	32577601	32578000	16_EnhW1	32008
chr6	32610008	32610009	rs2308891	chr6	32577601	32578000	16_EnhW1	32009
chr6	32610046	32610047	rs9272756	chr6	32577601	32578000	16_EnhW1	32047
chr6	32610058	32610059	rs34843907	chr6	32577601	32578000	16_EnhW1	32059
chr6	32610100	32610101	rs374037280	chr6	32577601	32578000	16_EnhW1	32101
chr6	32610108	32610109	rs34826728	chr6	32577601	32578000	16_EnhW1	32109
chr6	32610133	32610134	rs75076975	chr6	32577601	32578000	16_EnhW1	32134
chr6	32610144	32610145	rs373884000	chr6	32577601	32578000	16_EnhW1	32145
chr6	32610195	32610196	rs79351547	chr6	32577601	32578000	16_EnhW1	32196
chr6	32610200	32610201	rs116022266	chr6	32577601	32578000	16_EnhW1	32201
chr6	32610213	32610214	rs114816840	chr6	32577601	32578000	16_EnhW1	32214
chr6	32610219	32610220	rs116613962	chr6	32577601	32578000	16_EnhW1	32220
chr6	32610254	32610255	rs9272774	chr6	32577601	32578000	16_EnhW1	32255
chr6	32610256	32610257	rs9272775	chr6	32577601	32578000	16_EnhW1	32257
chr6	32610269	32610270	rs9272776	chr6	32577601	32578000	16_EnhW1	32270
chr6	32610402	32610403	rs3188543	chr6	32577601	32578000	16_EnhW1	32403
chr6	32610477	32610478	rs1048414	chr6	32577601	32578000	16_EnhW1	32478
chr6	32610480	32610481	rs1048419	chr6	32577601	32578000	16_EnhW1	32481
chr6	32610494	32610495	rs9272793	chr6	32577601	32578000	16_EnhW1	32495
chr6	32610552	32610553	rs3188642	chr6	32577601	32578000	16_EnhW1	32553
chr6	32610573	32610574	rs9272798	chr6	32577601	32578000	16_EnhW1	32574
chr6	32610575	32610576	rs9272799	chr6	32577601	32578000	16_EnhW1	32576
chr6	32610580	32610581	rs9272800	chr6	32577601	32578000	16_EnhW1	32581
chr6	32610583	32610584	rs9272801	chr6	32577601	32578000	16_EnhW1	32584
chr6	32610590	32610591	rs9272803	chr6	32577601	32578000	16_EnhW1	32591
chr6	32610602	32610603	rs367756865	chr6	32577601	32578000	16_EnhW1	32603
chr6	32610694	32610695	rs9272847	chr6	32577601	32578000	16_EnhW1	32695
chr6	32610735	32610736	rs9272865	chr6	32577601	32578000	16_EnhW1	32736
chr6	32610746	32610747	rs9272871	chr6	32577601	32578000	16_EnhW1	32747
chr6	32610750	32610751	rs28371168	chr6	32577601	32578000	16_EnhW1	32751
chr6	32610805	32610806	rs9272896	chr6	32577601	32578000	16_EnhW1	32806
chr6	32610818	32610819	rs28371169	chr6	32577601	32578000	16_EnhW1	32819
chr6	32610993	32610994	rs1130161	chr6	32577601	32578000	16_EnhW1	32994
chr6	32611228	32611229	rs9272962	chr6	32577601	32578000	16_EnhW1	33229
chr6	32611233	32611234	rs1065043	chr6	32577601	32578000	16_EnhW1	33234
chr6	32611242	32611243	rs1065044	chr6	32577601	32578000	16_EnhW1	33243
chr6	32611259	32611260	rs1065047	chr6	32577601	32578000	16_EnhW1	33260
chr6	32611264	32611265	rs1065048	chr6	32577601	32578000	16_EnhW1	33265
chr6	32611314	32611315	rs9272974	chr6	32577601	32578000	16_EnhW1	33315
chr6	32611536	32611537	rs9273007	chr6	32577601	32578000	16_EnhW1	33537
chr6	32611571	32611572	rs9273008	chr6	32577601	32578000	16_EnhW1	33572
chr6	32611578	32611579	rs9273009	chr6	32577601	32578000	16_EnhW1	33579
chr6	32611648	32611649	rs9273013	chr6	32577601	32578000	16_EnhW1	33649
chr6	32611649	32611650	rs9273014	chr6	32577601	32578000	16_EnhW1	33650
chr6	32611722	32611723	rs9273020	chr6	32577601	32578000	16_EnhW1	33723
chr6	32611724	32611725	rs9273021	chr6	32577601	32578000	16_EnhW1	33725
chr6	32611872	32611873	rs9273033	chr6	32577601	32578000	16_EnhW1	33873
chr6	32611873	32611874	rs9273034	chr6	32577601	32578000	16_EnhW1	33874
chr6	32611930	32611931	rs9273038	chr6	32577601	32578000	16_EnhW1	33931
chr6	32611967	32611968	rs9273043	chr6	32577601	32578000	16_EnhW1	33968
chr6	32611994	32611995	rs66592536	chr6	32577601	32578000	16_EnhW1	33995
chr6	32612002	32612003	rs9273046	chr6	32577601	32578000	16_EnhW1	34003
chr6	32612034	32612035	rs9273050	chr6	32577601	32578000	16_EnhW1	34035
chr6	32612049	32612050	rs9273053	chr6	32577601	32578000	16_EnhW1	34050
chr6	32612204	32612205	rs9273065	chr6	32577601	32578000	16_EnhW1	34205
chr6	32612395	32612396	rs9273084	chr6	32577601	32578000	16_EnhW1	34396
chr6	32612409	32612410	rs9273086	chr6	32577601	32578000	16_EnhW1	34410
chr6	32612978	32612979	rs9273146	chr6	32577601	32578000	16_EnhW1	34979
chr6	32612980	32612981	rs9273147	chr6	32577601	32578000	16_EnhW1	34981
chr6	32613223	32613224	rs9273172	chr6	32577601	32578000	16_EnhW1	35224
chr6	32615365	32615366	rs17612555	chr6	32577601	32578000	16_EnhW1	37366
chr6	32615399	32615400	rs17843573	chr6	32577601	32578000	16_EnhW1	37400
chr6	32615469	32615470	rs17612583	chr6	32577601	32578000	16_EnhW1	37470
chr6	32615509	32615510	rs17843577	chr6	32577601	32578000	16_EnhW1	37510
chr6	32615519	32615520	rs17843578	chr6	32577601	32578000	16_EnhW1	37520
chr6	32615550	32615551	rs17843580	chr6	32577601	32578000	16_EnhW1	37551
chr6	32615667	32615668	rs17843584	chr6	32577601	32578000	16_EnhW1	37668
chr6	32615701	32615702	rs17612625	chr6	32577601	32578000	16_EnhW1	37702
chr6	32615709	32615710	rs17612633	chr6	32577601	32578000	16_EnhW1	37710
chr6	32615753	32615754	rs17612640	chr6	32577601	32578000	16_EnhW1	37754
chr6	32620240	32620241	rs17843603	chr6	32577601	32578000	16_EnhW1	42241
chr6	32620282	32620283	rs17843604	chr6	32577601	32578000	16_EnhW1	42283
chr6	32620571	32620572	rs17612852	chr6	32577601	32578000	16_EnhW1	42572
chr6	32620621	32620622	rs17612858	chr6	32577601	32578000	16_EnhW1	42622
chr6	32621777	32621778	rs17613271	chr6	32577601	32578000	16_EnhW1	43778
chr6	32621809	32621810	rs17613278	chr6	32577601	32578000	16_EnhW1	43810
chr6	32621827	32621828	rs17613285	chr6	32577601	32578000	16_EnhW1	43828
chr6	32623218	32623219	rs9273326	chr6	32577601	32578000	16_EnhW1	45219
chr6	32623232	32623233	rs9273328	chr6	32577601	32578000	16_EnhW1	45233
chr6	32623241	32623242	rs9273329	chr6	32577601	32578000	16_EnhW1	45242
chr6	32623299	32623300	rs9273330	chr6	32577601	32578000	16_EnhW1	45300
chr6	32624828	32624829	rs35983205	chr6	32577601	32578000	16_EnhW1	46829
chr6	32624846	32624847	rs113663338	chr6	32577601	32578000	16_EnhW1	46847
chr6	32625884	32625885	rs9273350	chr6	32577601	32578000	16_EnhW1	47885
chr6	32625905	32625906	rs9273351	chr6	32577601	32578000	16_EnhW1	47906
chr6	32625927	32625928	rs9273352	chr6	32577601	32578000	16_EnhW1	47928
chr6	32625951	32625952	rs9273354	chr6	32577601	32578000	16_EnhW1	47952
chr6	32625959	32625960	rs9273355	chr6	32577601	32578000	16_EnhW1	47960
chr6	32625988	32625989	rs9273356	chr6	32577601	32578000	16_EnhW1	47989
chr6	32626271	32626272	rs9273363	chr6	32577601	32578000	16_EnhW1	48272
chr6	32626301	32626302	rs9273364	chr6	32577601	32578000	16_EnhW1	48302
chr6	32626437	32626438	rs9273367	chr6	32577601	32578000	16_EnhW1	48438
chr6	32626474	32626475	rs9273368	chr6	32577601	32578000	16_EnhW1	48475
chr6	32626483	32626484	rs9273369	chr6	32577601	32578000	16_EnhW1	48484
chr6	32626491	32626492	rs9273370	chr6	32577601	32578000	16_EnhW1	48492
chr6	32626589	32626590	rs9273372	chr6	32577601	32578000	16_EnhW1	48590
chr6	32626600	32626601	rs9273373	chr6	32577601	32578000	16_EnhW1	48601
chr6	32626613	32626614	rs9273374	chr6	32577601	32578000	16_EnhW1	48614
chr6	32626800	32626801	rs9273376	chr6	32577601	32578000	16_EnhW1	48801
chr6	32626864	32626865	rs78556970	chr6	32577601	32578000	16_EnhW1	48865
chr6	32626894	32626895	rs9273380	chr6	32577601	32578000	16_EnhW1	48895
chr6	32626919	32626920	rs36206058	chr6	32577601	32578000	16_EnhW1	48920
chr6	32626924	32626925	rs9273382	chr6	32577601	32578000	16_EnhW1	48925
chr6	32627210	32627211	rs9273407	chr6	32577601	32578000	16_EnhW1	49211
chr6	32627234	32627235	rs9273409	chr6	32577601	32578000	16_EnhW1	49235
chr6	32627262	32627263	rs9273412	chr6	32577601	32578000	16_EnhW1	49263
chr6	32627291	32627292	rs9273413	chr6	32577601	32578000	16_EnhW1	49292
chr6	32627298	32627299	rs9273414	chr6	32577601	32578000	16_EnhW1	49299
chr6	32627309	32627310	rs9273415	chr6	32577601	32578000	16_EnhW1	49310
chr6	32627320	32627321	rs9273416	chr6	32577601	32578000	16_EnhW1	49321
chr6	32627351	32627352	rs9273417	chr6	32577601	32578000	16_EnhW1	49352
chr6	32627361	32627362	rs9273418	chr6	32577601	32578000	16_EnhW1	49362
chr6	32627364	32627365	rs9273419	chr6	32577601	32578000	16_EnhW1	49365
chr6	32627366	32627367	rs1130457	chr6	32577601	32578000	16_EnhW1	49367
chr6	32627378	32627379	rs1130456	chr6	32577601	32578000	16_EnhW1	49379
chr6	32627389	32627390	rs9273423	chr6	32577601	32578000	16_EnhW1	49390
chr6	32627393	32627394	rs9273424	chr6	32577601	32578000	16_EnhW1	49394
chr6	32627395	32627396	rs9273425	chr6	32577601	32578000	16_EnhW1	49396
chr6	32627433	32627434	rs9273426	chr6	32577601	32578000	16_EnhW1	49434
chr6	32627440	32627441	rs9273427	chr6	32577601	32578000	16_EnhW1	49441
chr6	32627459	32627460	rs9273430	chr6	32577601	32578000	16_EnhW1	49460
chr6	32627484	32627485	rs9273432	chr6	32577601	32578000	16_EnhW1	49485
chr6	32627488	32627489	rs9273433	chr6	32577601	32578000	16_EnhW1	49489
chr6	32627516	32627517	rs9273436	chr6	32577601	32578000	16_EnhW1	49517
chr6	32627522	32627523	rs9273438	chr6	32577601	32578000	16_EnhW1	49523
chr6	32627534	32627535	rs28724234	chr6	32577601	32578000	16_EnhW1	49535
chr6	32627560	32627561	rs9273440	chr6	32577601	32578000	16_EnhW1	49561
chr6	32627572	32627573	rs9273441	chr6	32577601	32578000	16_EnhW1	49573
chr6	32627581	32627582	rs9273442	chr6	32577601	32578000	16_EnhW1	49582
chr6	32627599	32627600	rs9273443	chr6	32577601	32578000	16_EnhW1	49600
chr6	32627634	32627635	rs9273444	chr6	32577601	32578000	16_EnhW1	49635
chr6	32627645	32627646	rs9273445	chr6	32577601	32578000	16_EnhW1	49646
chr6	32627713	32627714	rs1063355	chr6	32577601	32578000	16_EnhW1	49714
chr6	32627746	32627747	rs1049225	chr6	32577601	32578000	16_EnhW1	49747
chr6	32627772	32627773	rs1049213	chr6	32577601	32578000	16_EnhW1	49773
chr6	32627794	32627795	rs1766	chr6	32577601	32578000	16_EnhW1	49795
chr6	32627832	32627833	rs1770	chr6	32577601	32578000	16_EnhW1	49833
chr6	32627851	32627852	rs1130420	chr6	32577601	32578000	16_EnhW1	49852
chr6	32627905	32627906	rs1063349	chr6	32577601	32578000	16_EnhW1	49906
chr6	32627922	32627923	rs1063348	chr6	32577601	32578000	16_EnhW1	49923
chr6	32627955	32627956	rs1063347	chr6	32577601	32578000	16_EnhW1	49956
chr6	32627966	32627967	rs1063346	chr6	32577601	32578000	16_EnhW1	49967
chr6	32627968	32627969	rs3204428	chr6	32577601	32578000	16_EnhW1	49969
chr6	32627975	32627976	rs1063345	chr6	32577601	32578000	16_EnhW1	49976
chr6	32627991	32627992	rs1063343	chr6	32577601	32578000	16_EnhW1	49992
chr6	32628029	32628030	rs9273471	chr6	32577601	32578000	16_EnhW1	50030
chr6	32628064	32628065	rs9273476	chr6	32577601	32578000	16_EnhW1	50065
chr6	32628083	32628084	rs2854277	chr6	32577601	32578000	16_EnhW1	50084
chr6	32628092	32628093	rs9273479	chr6	32577601	32578000	16_EnhW1	50093
chr6	32628126	32628127	rs9273482	chr6	32577601	32578000	16_EnhW1	50127
chr6	32628137	32628138	rs9273483	chr6	32577601	32578000	16_EnhW1	50138
chr6	32628246	32628247	rs9273493	chr6	32577601	32578000	16_EnhW1	50247
chr6	32628272	32628273	rs9273495	chr6	32577601	32578000	16_EnhW1	50273
chr6	32628296	32628297	rs9273497	chr6	32577601	32578000	16_EnhW1	50297
chr6	32628300	32628301	rs9273498	chr6	32577601	32578000	16_EnhW1	50301
chr6	32628341	32628342	rs9273500	chr6	32577601	32578000	16_EnhW1	50342
chr6	32628427	32628428	rs2854275	chr6	32577601	32578000	16_EnhW1	50428
chr6	32628438	32628439	rs9273508	chr6	32577601	32578000	16_EnhW1	50439
chr6	32628472	32628473	rs9273509	chr6	32577601	32578000	16_EnhW1	50473
chr6	32628473	32628474	rs9273510	chr6	32577601	32578000	16_EnhW1	50474
chr6	32628537	32628538	rs9273514	chr6	32577601	32578000	16_EnhW1	50538
chr6	32628538	32628539	rs9273515	chr6	32577601	32578000	16_EnhW1	50539
chr6	32628594	32628595	rs9273524	chr6	32577601	32578000	16_EnhW1	50595
chr6	32628750	32628751	rs9273534	chr6	32577601	32578000	16_EnhW1	50751
chr6	32628764	32628765	rs9273537	chr6	32577601	32578000	16_EnhW1	50765
chr6	32628775	32628776	rs2854273	chr6	32577601	32578000	16_EnhW1	50776
chr6	32628783	32628784	rs3020628	chr6	32577601	32578000	16_EnhW1	50784
chr6	32628832	32628833	rs9273544	chr6	32577601	32578000	16_EnhW1	50833
chr6	32628834	32628835	rs3020625	chr6	32577601	32578000	16_EnhW1	50835
chr6	32628840	32628841	rs9273546	chr6	32577601	32578000	16_EnhW1	50841
chr6	32628843	32628844	rs9273547	chr6	32577601	32578000	16_EnhW1	50844
chr6	32629063	32629064	rs9273584	chr6	32577601	32578000	16_EnhW1	51064
chr6	32629136	32629137	rs1140343	chr6	32577601	32578000	16_EnhW1	51137
chr6	32629160	32629161	rs1130430	chr6	32577601	32578000	16_EnhW1	51161
chr6	32629319	32629320	rs9273713	chr6	32577601	32578000	16_EnhW1	51320
chr6	32629408	32629409	rs9273754	chr6	32577601	32578000	16_EnhW1	51409
chr6	32629431	32629432	rs9273767	chr6	32577601	32578000	16_EnhW1	51432
chr6	32629437	32629438	rs9273772	chr6	32577601	32578000	16_EnhW1	51438
chr6	32629442	32629443	rs9273777	chr6	32577601	32578000	16_EnhW1	51443
chr6	32629446	32629447	rs9273781	chr6	32577601	32578000	16_EnhW1	51447
chr6	32629495	32629496	rs9273800	chr6	32577601	32578000	16_EnhW1	51496
chr6	32629528	32629529	rs9273817	chr6	32577601	32578000	16_EnhW1	51529
chr6	32629581	32629582	rs9273841	chr6	32577601	32578000	16_EnhW1	51582
chr6	32629801	32629802	rs1049092	chr6	32577601	32578000	16_EnhW1	51802
chr6	32629846	32629847	rs1049133	chr6	32577601	32578000	16_EnhW1	51847
chr6	32629888	32629889	rs1049087	chr6	32577601	32578000	16_EnhW1	51889
chr6	32629903	32629904	rs1049086	chr6	32577601	32578000	16_EnhW1	51904
chr6	32630138	32630139	rs9274084	chr6	32577601	32578000	16_EnhW1	52139
chr6	32630175	32630176	rs9274106	chr6	32577601	32578000	16_EnhW1	52176
chr6	32630193	32630194	rs9274112	chr6	32577601	32578000	16_EnhW1	52194
chr6	32630204	32630205	rs9274115	chr6	32577601	32578000	16_EnhW1	52205
chr6	32630212	32630213	rs4360168	chr6	32577601	32578000	16_EnhW1	52213
chr6	32630556	32630557	rs375541050	chr6	32577601	32578000	16_EnhW1	52557
chr6	32630618	32630619	rs371299642	chr6	32577601	32578000	16_EnhW1	52619
chr6	32630673	32630674	rs371441676	chr6	32577601	32578000	16_EnhW1	52674
chr6	32630707	32630708	rs376095454	chr6	32577601	32578000	16_EnhW1	52708
chr6	32630793	32630794	rs373540266	chr6	32577601	32578000	16_EnhW1	52794
chr6	32631562	32631563	rs372433575	chr6	32577601	32578000	16_EnhW1	53563
chr6	32632713	32632714	rs3210148	chr6	32577601	32578000	16_EnhW1	54714
chr6	32633130	32633131	rs9274436	chr6	32577601	32578000	16_EnhW1	55131
chr6	32633180	32633181	rs9274438	chr6	32577601	32578000	16_EnhW1	55181
chr6	32633488	32633489	rs9274464	chr6	32577601	32578000	16_EnhW1	55489
chr6	32633616	32633617	rs9274470	chr6	32577601	32578000	16_EnhW1	55617
chr6	32633743	32633744	rs9274478	chr6	32577601	32578000	16_EnhW1	55744
chr6	32633851	32633852	rs9274488	chr6	32577601	32578000	16_EnhW1	55852
chr6	32634009	32634010	rs3830058	chr6	32577601	32578000	16_EnhW1	56010
chr6	32634031	32634032	rs9274501	chr6	32577601	32578000	16_EnhW1	56032
chr6	32634103	32634104	rs9274502	chr6	32577601	32578000	16_EnhW1	56104
chr6	32634140	32634141	rs9274506	chr6	32577601	32578000	16_EnhW1	56141
chr6	32634151	32634152	rs9274507	chr6	32577601	32578000	16_EnhW1	56152
chr6	32634183	32634184	rs9274510	chr6	32577601	32578000	16_EnhW1	56184
chr6	32634349	32634350	rs1049057	chr6	32577601	32578000	16_EnhW1	56350
chr6	32634386	32634387	rs1049055	chr6	32577601	32578000	16_EnhW1	56387
chr6	32634404	32634405	rs1049053	chr6	32577601	32578000	16_EnhW1	56405
chr6	32634484	32634485	rs9274526	chr6	32577601	32578000	16_EnhW1	56485
chr6	32634507	32634508	rs9274528	chr6	32577601	32578000	16_EnhW1	56508
chr6	32634513	32634514	rs9274529	chr6	32577601	32578000	16_EnhW1	56514
chr6	32634619	32634620	rs9274535	chr6	32577601	32578000	16_EnhW1	56620
chr6	32634633	32634634	rs9274536	chr6	32577601	32578000	16_EnhW1	56634
chr6	32634654	32634655	rs9274537	chr6	32577601	32578000	16_EnhW1	56655
chr6	32634675	32634676	rs9274540	chr6	32577601	32578000	16_EnhW1	56676
chr6	32634694	32634695	rs9274543	chr6	32577601	32578000	16_EnhW1	56695
chr6	32634698	32634699	rs9274544	chr6	32577601	32578000	16_EnhW1	56699
chr6	32634701	32634702	rs9274545	chr6	32577601	32578000	16_EnhW1	56702
chr6	32634735	32634736	rs9274546	chr6	32577601	32578000	16_EnhW1	56736
chr6	32634784	32634785	rs9274548	chr6	32577601	32578000	16_EnhW1	56785
chr6	32634785	32634786	rs9274549	chr6	32577601	32578000	16_EnhW1	56786
chr6	32634794	32634795	rs9274550	chr6	32577601	32578000	16_EnhW1	56795
chr6	32634833	32634834	rs9274551	chr6	32577601	32578000	16_EnhW1	56834
chr6	32634837	32634838	rs9274552	chr6	32577601	32578000	16_EnhW1	56838
chr6	32634869	32634870	rs9274554	chr6	32577601	32578000	16_EnhW1	56870
chr6	32634881	32634882	rs9274555	chr6	32577601	32578000	16_EnhW1	56882
chr6	32634882	32634883	rs9274556	chr6	32577601	32578000	16_EnhW1	56883
chr6	32634886	32634887	rs9274557	chr6	32577601	32578000	16_EnhW1	56887
chr6	32634921	32634922	rs4403294	chr6	32577601	32578000	16_EnhW1	56922
chr6	32634952	32634953	rs9274561	chr6	32577601	32578000	16_EnhW1	56953
chr6	32634999	32635000	rs9274562	chr6	32577601	32578000	16_EnhW1	57000
chr6	32635047	32635048	rs9274564	chr6	32577601	32578000	16_EnhW1	57048
chr6	32635066	32635067	rs9274565	chr6	32577601	32578000	16_EnhW1	57067
chr6	32635090	32635091	rs4311549	chr6	32577601	32578000	16_EnhW1	57091
chr6	32635204	32635205	rs9274573	chr6	32577601	32578000	16_EnhW1	57205
chr6	32635225	32635226	rs9274575	chr6	32577601	32578000	16_EnhW1	57226
chr6	32635311	32635312	rs9274579	chr6	32577601	32578000	16_EnhW1	57312
chr6	32635344	32635345	rs9274580	chr6	32577601	32578000	16_EnhW1	57345
chr6	32635346	32635347	rs9274581	chr6	32577601	32578000	16_EnhW1	57347
chr6	32635347	32635348	rs9274582	chr6	32577601	32578000	16_EnhW1	57348
chr6	32635360	32635361	rs9274583	chr6	32577601	32578000	16_EnhW1	57361
chr6	32635364	32635365	rs9274584	chr6	32577601	32578000	16_EnhW1	57365
chr6	32635376	32635377	rs9274587	chr6	32577601	32578000	16_EnhW1	57377
chr6	32635399	32635400	rs9274592	chr6	32577601	32578000	16_EnhW1	57400
chr6	32635434	32635435	rs9274594	chr6	32577601	32578000	16_EnhW1	57435
chr6	32635449	32635450	rs9274595	chr6	32577601	32578000	16_EnhW1	57450
chr6	32635466	32635467	rs9274596	chr6	32577601	32578000	16_EnhW1	57467
chr6	32635490	32635491	rs4377824	chr6	32577601	32578000	16_EnhW1	57491
chr6	32635631	32635632	rs4516985	chr6	32577601	32578000	16_EnhW1	57632
chr6	32635712	32635713	rs9274607	chr6	32577601	32578000	16_EnhW1	57713
chr6	32635753	32635754	rs3828789	chr6	32577601	32578000	16_EnhW1	57754
chr6	32635808	32635809	rs3828790	chr6	32577601	32578000	16_EnhW1	57809
chr6	32635812	32635813	rs3828791	chr6	32577601	32578000	16_EnhW1	57813
chr6	32635948	32635949	rs2647025	chr6	32577601	32578000	16_EnhW1	57949
chr6	32636037	32636038	rs3828798	chr6	32577601	32578000	16_EnhW1	58038
chr6	32636039	32636040	rs9274626	chr6	32577601	32578000	16_EnhW1	58040
chr6	32636119	32636120	rs3828805	chr6	32577601	32578000	16_EnhW1	58120
chr6	32636129	32636130	rs3828806	chr6	32577601	32578000	16_EnhW1	58130
chr6	32636130	32636131	rs3828807	chr6	32577601	32578000	16_EnhW1	58131
chr6	32636136	32636137	rs9274637	chr6	32577601	32578000	16_EnhW1	58137
chr6	32636220	32636221	rs3828811	chr6	32577601	32578000	16_EnhW1	58221
chr6	32636433	32636434	rs9274660	chr6	32577601	32578000	16_EnhW1	58434
chr6	32636493	32636494	rs9274662	chr6	32577601	32578000	16_EnhW1	58494
chr6	32636590	32636591	rs9274669	chr6	32577601	32578000	16_EnhW1	58591
chr6	32636601	32636602	rs9274671	chr6	32577601	32578000	16_EnhW1	58602
chr6	32636645	32636646	rs9274678	chr6	32577601	32578000	16_EnhW1	58646
chr6	32636756	32636757	rs3134998	chr6	32577601	32578000	16_EnhW1	58757
chr6	32636865	32636866	rs3134996	chr6	32577601	32578000	16_EnhW1	58866
chr6	32636899	32636900	rs9274688	chr6	32577601	32578000	16_EnhW1	58900
chr6	32637095	32637096	rs9274699	chr6	32577601	32578000	16_EnhW1	59096
chr6	32637301	32637302	rs2395231	chr6	32577601	32578000	16_EnhW1	59302
chr6	32637679	32637680	rs3134994	chr6	32577601	32578000	16_EnhW1	59680
chr6	32637695	32637696	rs9274727	chr6	32577601	32578000	16_EnhW1	59696
chr6	32637771	32637772	rs9274728	chr6	32577601	32578000	16_EnhW1	59772
chr6	32637777	32637778	rs3134993	chr6	32577601	32578000	16_EnhW1	59778
chr6	32637939	32637940	rs9274739	chr6	32577601	32578000	16_EnhW1	59940
chr6	32638782	32638783	rs3134992	chr6	32577601	32578000	16_EnhW1	60783
chr6	32640216	32640217	rs2395232	chr6	32577601	32578000	16_EnhW1	62217
chr6	32642049	32642050	rs3134987	chr6	32577601	32578000	16_EnhW1	64050
chr6	32642980	32642981	rs3129776	chr6	32577601	32578000	16_EnhW1	64981
chr6	32643838	32643839	rs9275032	chr6	32577601	32578000	16_EnhW1	65839
chr6	32644387	32644388	rs9275033	chr6	32577601	32578000	16_EnhW1	66388
chr6	32644552	32644553	rs3134986	chr6	32577601	32578000	16_EnhW1	66553
chr6	32645028	32645029	rs3134984	chr6	32577601	32578000	16_EnhW1	67029
chr6	32646183	32646184	rs3129777	chr6	32577601	32578000	16_EnhW1	68184
chr6	32646837	32646838	rs3134983	chr6	32577601	32578000	16_EnhW1	68838
chr6	32646883	32646884	rs3134982	chr6	32577601	32578000	16_EnhW1	68884
chr6	32646899	32646900	rs3134981	chr6	32577601	32578000	16_EnhW1	68900
chr6	32646926	32646927	rs3129779	chr6	32577601	32578000	16_EnhW1	68927
chr6	32648718	32648719	rs3129782	chr6	32577601	32578000	16_EnhW1	70719
chr6	32650177	32650178	rs3134979	chr6	32577601	32578000	16_EnhW1	72178
chr6	32651476	32651477	rs3134978	chr6	32577601	32578000	16_EnhW1	73477
chr6	32651640	32651641	rs3134977	chr6	32577601	32578000	16_EnhW1	73641
chr6	32652280	32652281	rs2856694	chr6	32577601	32578000	16_EnhW1	74281
chr6	32652304	32652305	rs3134976	chr6	32577601	32578000	16_EnhW1	74305
chr6	32652580	32652581	rs3134975	chr6	32577601	32578000	16_EnhW1	74581
chr6	32654148	32654149	rs3134971	chr6	32577601	32578000	16_EnhW1	76149
chr6	32654201	32654202	rs3134970	chr6	32577601	32578000	16_EnhW1	76202
chr6	32657435	32657436	rs3129716	chr6	32577601	32578000	16_EnhW1	79436
chr6	32659307	32659308	rs3129717	chr6	32577601	32578000	16_EnhW1	81308
chr6	32659314	32659315	rs3134967	chr6	32577601	32578000	16_EnhW1	81315
chr6	32659608	32659609	rs2647004	chr6	32577601	32578000	16_EnhW1	81609
chr6	32659644	32659645	rs2856674	chr6	32577601	32578000	16_EnhW1	81645
chr6	32661778	32661779	rs3129719	chr6	32577601	32578000	16_EnhW1	83779
chr6	32662337	32662338	rs1794520	chr6	32577601	32578000	16_EnhW1	84338
chr6	32662472	32662473	rs1794519	chr6	32577601	32578000	16_EnhW1	84473
chr6	32663354	32663355	rs2647019	chr6	32577601	32578000	16_EnhW1	85355
chr6	32663630	32663631	rs3129720	chr6	32577601	32578000	16_EnhW1	85631
chr6	32666357	32666358	rs1794283	chr6	32577601	32578000	16_EnhW1	88358
chr6	32666525	32666526	rs1794282	chr6	32577601	32578000	16_EnhW1	88526
chr6	32667118	32667119	rs3135006	chr6	32577601	32578000	16_EnhW1	89119
chr6	32667170	32667171	rs1794280	chr6	32577601	32578000	16_EnhW1	89171
chr6	32667594	32667595	rs1794279	chr6	32577601	32578000	16_EnhW1	89595
chr6	32667909	32667910	rs2647044	chr6	32577601	32578000	16_EnhW1	89910
chr6	32667945	32667946	rs3135190	chr6	32577601	32578000	16_EnhW1	89946
chr6	32668438	32668439	rs3135002	chr6	32577601	32578000	16_EnhW1	90439
chr6	32668662	32668663	rs1794277	chr6	32577601	32578000	16_EnhW1	90663
chr6	32668945	32668946	rs1613056	chr6	32577601	32578000	16_EnhW1	90946
chr6	32670135	32670136	rs3135001	chr6	32577601	32578000	16_EnhW1	92136
chr6	32671206	32671207	rs1794511	chr6	32577601	32578000	16_EnhW1	93207
chr6	32671799	32671800	rs1794530	chr6	32577601	32578000	16_EnhW1	93800
chr6	32672038	32672039	rs3134997	chr6	32765601	32765800	16_EnhW1	93563
chr6	32672042	32672043	rs1794274	chr6	32765601	32765800	16_EnhW1	93559
chr6	32672088	32672089	rs3134995	chr6	32765601	32765800	16_EnhW1	93513
chr6	32672215	32672216	rs1794272	chr6	32765601	32765800	16_EnhW1	93386
chr6	32672438	32672439	rs1794528	chr6	32765601	32765800	16_EnhW1	93163
chr6	32673892	32673893	rs1617322	chr6	32765601	32765800	16_EnhW1	91709
chr6	32674026	32674027	rs3134969	chr6	32765601	32765800	16_EnhW1	91575
chr6	32674058	32674059	rs3134968	chr6	32765601	32765800	16_EnhW1	91543
chr6	32674297	32674298	rs3134966	chr6	32765601	32765800	16_EnhW1	91304
chr6	32678205	32678206	rs3129726	chr6	32765601	32765800	16_EnhW1	87396
chr6	32679325	32679326	rs9275576	chr6	32765601	32765800	16_EnhW1	86276
chr6	32680121	32680122	rs3135461	chr6	32765601	32765800	16_EnhW1	85480
chr6	32776920	32776921	rs1054684	chr6	32782401	32782600	17_EnhW2	5481
chr6	32798730	32798731	rs1015166	chr6	32794001	32794400	15_EnhAF	4331
chr6	35993892	35993893	rs146680189	chr6	35993801	35994400	14_EnhA2	0
chr6	35993905	35993906	rs3761980	chr6	35993801	35994400	14_EnhA2	0
chr6	35994941	35994942	rs60481532	chr6	35993801	35994400	14_EnhA2	542
chr6	35995632	35995633	rs56156688	chr6	35993801	35994400	14_EnhA2	1233
chr6	35996412	35996413	rs61763101	chr6	35993801	35994400	14_EnhA2	2013
chr6	35997767	35997768	rs16883819	chr6	35993801	35994400	14_EnhA2	3368
chr6	35998387	35998388	rs80028505	chr6	35993801	35994400	14_EnhA2	3988
chr6	35999079	35999080	rs6932598	chr6	35993801	35994400	14_EnhA2	4680
chr6	36000701	36000702	rs58583792	chr6	35993801	35994400	14_EnhA2	6302
chr6	36002461	36002462	rs16883860	chr6	35993801	35994400	14_EnhA2	8062
chr6	36002548	36002549	rs147404416	chr6	35993801	35994400	14_EnhA2	8149
chr6	36002756	36002757	rs146269924	chr6	35993801	35994400	14_EnhA2	8357
chr6	36004901	36004902	rs56413204	chr6	35993801	35994400	14_EnhA2	10502
chr6	36005099	36005100	rs58390233	chr6	35993801	35994400	14_EnhA2	10700
chr6	36005674	36005675	rs7745927	chr6	35993801	35994400	14_EnhA2	11275
chr6	36005690	36005691	rs7745536	chr6	35993801	35994400	14_EnhA2	11291
chr6	36007261	36007262	rs3840165	chr6	35993801	35994400	14_EnhA2	12862
chr6	36008001	36008002	rs2237096	chr6	35993801	35994400	14_EnhA2	13602
chr6	36008062	36008063	rs7760578	chr6	35993801	35994400	14_EnhA2	13663
chr6	36010691	36010692	rs376732583	chr6	35993801	35994400	14_EnhA2	16292
chr6	36010910	36010911	rs113941131	chr6	35993801	35994400	14_EnhA2	16511
chr6	36010957	36010958	rs16883989	chr6	35993801	35994400	14_EnhA2	16558
chr6	36011072	36011073	rs73729685	chr6	35993801	35994400	14_EnhA2	16673
chr6	36011648	36011649	rs56715462	chr6	35993801	35994400	14_EnhA2	17249
chr6	36013023	36013024	rs7759175	chr6	35993801	35994400	14_EnhA2	18624
chr6	36013510	36013511	rs113885326	chr6	35993801	35994400	14_EnhA2	19111
chr6	36014587	36014588	rs6930333	chr6	35993801	35994400	14_EnhA2	20188
chr6	36015535	36015536	rs113008645	chr6	35993801	35994400	14_EnhA2	21136
chr6	36019075	36019076	rs112201657	chr6	35993801	35994400	14_EnhA2	24676
chr6	36019927	36019928	rs6921999	chr6	35993801	35994400	14_EnhA2	25528
chr6	36020158	36020159	rs41271263	chr6	35993801	35994400	14_EnhA2	25759
chr6	36022310	36022311	rs73407868	chr6	35993801	35994400	14_EnhA2	27911
chr6	36022640	36022641	rs73729698	chr6	35993801	35994400	14_EnhA2	28241
chr6	36025306	36025307	rs56059109	chr6	35993801	35994400	14_EnhA2	30907
chr6	36027141	36027142	rs3730327	chr6	35993801	35994400	14_EnhA2	32742
chr6	36027465	36027466	rs146423352	chr6	35993801	35994400	14_EnhA2	33066
chr6	36027632	36027633	rs6934216	chr6	35993801	35994400	14_EnhA2	33233
chr6	36028246	36028247	rs73407870	chr6	35993801	35994400	14_EnhA2	33847
chr6	36028642	36028643	rs73407871	chr6	36062401	36062600	15_EnhAF	33759
chr6	36031905	36031906	rs61364424	chr6	36062401	36062600	15_EnhAF	30496
chr6	36032087	36032088	rs60100837	chr6	36062401	36062600	15_EnhAF	30314
chr6	36032667	36032668	rs56133220	chr6	36062401	36062600	15_EnhAF	29734
chr6	36033919	36033920	rs73407876	chr6	36062401	36062600	15_EnhAF	28482
chr6	36035259	36035260	rs144956706	chr6	36062401	36062600	15_EnhAF	27142
chr6	36036351	36036352	rs56056710	chr6	36062401	36062600	15_EnhAF	26050
chr6	36036354	36036355	rs58237753	chr6	36062401	36062600	15_EnhAF	26047
chr6	36036511	36036512	rs73730437	chr6	36062401	36062600	15_EnhAF	25890
chr6	36036908	36036909	rs7775290	chr6	36062401	36062600	15_EnhAF	25493
chr6	36037225	36037226	rs73730440	chr6	36062401	36062600	15_EnhAF	25176
chr6	36038883	36038884	rs7747846	chr6	36062401	36062600	15_EnhAF	23518
chr6	36039430	36039431	rs61212706	chr6	36062401	36062600	15_EnhAF	22971
chr6	36040473	36040474	rs7772088	chr6	36062401	36062600	15_EnhAF	21928
chr6	36041136	36041137	rs56362075	chr6	36062401	36062600	15_EnhAF	21265
chr6	36042947	36042948	rs112202188	chr6	36062401	36062600	15_EnhAF	19454
chr6	36044224	36044225	rs3730366	chr6	36062401	36062600	15_EnhAF	18177
chr6	36046225	36046226	rs61195139	chr6	36062401	36062600	15_EnhAF	16176
chr6	36048009	36048010	rs7748078	chr6	36062401	36062600	15_EnhAF	14392
chr6	36048416	36048417	rs6910685	chr6	36062401	36062600	15_EnhAF	13985
chr6	36049715	36049716	rs80032177	chr6	36062401	36062600	15_EnhAF	12686
chr6	36051198	36051199	rs76703794	chr6	36062401	36062600	15_EnhAF	11203
chr6	36051199	36051200	rs76171341	chr6	36062401	36062600	15_EnhAF	11202
chr6	36051412	36051413	rs73409842	chr6	36062401	36062600	15_EnhAF	10989
chr6	36052710	36052711	rs138782604	chr6	36062401	36062600	15_EnhAF	9691
chr6	36053146	36053147	rs6908622	chr6	36062401	36062600	15_EnhAF	9255
chr6	36054931	36054932	rs60909394	chr6	36062401	36062600	15_EnhAF	7470
chr6	36055674	36055675	rs147059615	chr6	36062401	36062600	15_EnhAF	6727
chr6	36055940	36055941	rs7762483	chr6	36062401	36062600	15_EnhAF	6461
chr6	36056429	36056430	rs112249319	chr6	36062401	36062600	15_EnhAF	5972
chr6	36056854	36056855	rs56327416	chr6	36062401	36062600	15_EnhAF	5547
chr6	36057922	36057923	rs147672941	chr6	36062401	36062600	15_EnhAF	4479
chr6	36057967	36057968	rs16884628	chr6	36062401	36062600	15_EnhAF	4434
chr6	36058202	36058203	rs79062678	chr6	36062401	36062600	15_EnhAF	4199
chr6	36059296	36059297	rs35214995	chr6	36062401	36062600	15_EnhAF	3105
chr6	36060210	36060211	rs16884660	chr6	36062401	36062600	15_EnhAF	2191
chr6	36061262	36061263	rs6914570	chr6	36062401	36062600	15_EnhAF	1139
chr6	36061460	36061461	rs60342497	chr6	36062401	36062600	15_EnhAF	941
chr6	36062990	36062991	rs7771484	chr6	36062601	36063000	13_EnhA1	0
chr6	36063161	36063162	rs16884694	chr6	36063001	36063200	15_EnhAF	0
chr6	36065621	36065622	rs7745082	chr6	36063001	36063200	15_EnhAF	2422
chr6	36068302	36068303	rs7761118	chr6	36063001	36063200	15_EnhAF	5103
chr6	36068988	36068989	rs7766032	chr6	36063001	36063200	15_EnhAF	5789
chr6	36069874	36069875	rs6936327	chr6	36063001	36063200	15_EnhAF	6675
chr6	36070226	36070227	rs16884857	chr6	36063001	36063200	15_EnhAF	7027
chr6	36070698	36070699	rs16884906	chr6	36063001	36063200	15_EnhAF	7499
chr6	36071516	36071517	rs16884919	chr6	36063001	36063200	15_EnhAF	8317
chr6	36072171	36072172	rs1967966	chr6	36063001	36063200	15_EnhAF	8972
chr6	36073830	36073831	rs7760405	chr6	36063001	36063200	15_EnhAF	10631
chr6	36076279	36076280	rs6457878	chr6	36088401	36088600	15_EnhAF	12122
chr6	36077960	36077961	rs3804451	chr6	36088401	36088600	15_EnhAF	10441
chr6	36079994	36079995	rs11387797	chr6	36088401	36088600	15_EnhAF	8407
chr6	36081339	36081340	rs7764494	chr6	36088401	36088600	15_EnhAF	7062
chr6	36082324	36082325	rs7769981	chr6	36088401	36088600	15_EnhAF	6077
chr6	36082572	36082573	rs7770183	chr6	36088401	36088600	15_EnhAF	5829
chr6	36083103	36083104	rs56044978	chr6	36088401	36088600	15_EnhAF	5298
chr6	36084671	36084672	rs7752459	chr6	36088401	36088600	15_EnhAF	3730
chr6	36085002	36085003	rs73730459	chr6	36088401	36088600	15_EnhAF	3399
chr6	36086696	36086697	rs145671870	chr6	36088401	36088600	15_EnhAF	1705
chr6	90880392	90880393	rs10944479	chr6	90878801	90879600	17_EnhW2	793
chr6	90912300	90912301	rs10806424	chr6	90907201	90907800	17_EnhW2	4501
chr6	90912528	90912529	rs12196044	chr6	90907201	90907800	17_EnhW2	4729
chr6	90912593	90912594	rs12209546	chr6	90907201	90907800	17_EnhW2	4794
chr6	90913243	90913244	rs4706358	chr6	90907201	90907800	17_EnhW2	5444
chr6	90915600	90915601	rs4707605	chr6	90923201	90923400	17_EnhW2	7601
chr6	90915909	90915910	rs4706361	chr6	90923201	90923400	17_EnhW2	7292
chr6	90917831	90917832	rs7381977	chr6	90923201	90923400	17_EnhW2	5370
chr6	90918815	90918816	rs10455169	chr6	90923201	90923400	17_EnhW2	4386
chr6	90918984	90918985	rs77611419	chr6	90923201	90923400	17_EnhW2	4217
chr6	90930512	90930513	rs72925996	chr6	90929801	90930400	17_EnhW2	113
chr6	90941239	90941240	rs11757155	chr6	90940201	90941000	17_EnhW2	240
chr6	90941288	90941289	rs2021716	chr6	90940201	90941000	17_EnhW2	289
chr6	90946808	90946809	rs77844882	chr6	90940201	90941000	17_EnhW2	5809
chr6	90947866	90947867	rs17513415	chr6	90940201	90941000	17_EnhW2	6867
chr6	90948092	90948093	rs58453446	chr6	90940201	90941000	17_EnhW2	7093
chr6	90948475	90948476	rs62408222	chr6	90940201	90941000	17_EnhW2	7476
chr6	90950627	90950628	rs2875584	chr6	90940201	90941000	17_EnhW2	9628
chr6	90951238	90951239	rs17513531	chr6	90940201	90941000	17_EnhW2	10239
chr6	90951529	90951530	rs138171134	chr6	90940201	90941000	17_EnhW2	10530
chr6	90955994	90955995	rs62408224	chr6	90963201	90963400	17_EnhW2	7207
chr6	90956408	90956409	rs62408225	chr6	90963201	90963400	17_EnhW2	6793
chr6	90957462	90957463	rs3757247	chr6	90963201	90963400	17_EnhW2	5739
chr6	90958230	90958231	rs11755527	chr6	90963201	90963400	17_EnhW2	4971
chr6	90958501	90958502	rs905670	chr6	90963201	90963400	17_EnhW2	4700
chr6	90963621	90963622	rs148639908	chr6	90963201	90963400	17_EnhW2	222
chr6	90965170	90965171	rs62408227	chr6	90966001	90966400	17_EnhW2	831
chr6	90966414	90966415	rs11752685	chr6	90966401	90966600	14_EnhA2	0
chr6	90967196	90967197	rs1604831	chr6	90967001	90967200	13_EnhA1	0
chr6	90968024	90968025	rs55881869	chr6	90967201	90967400	14_EnhA2	625
chr6	90969220	90969221	rs1604830	chr6	90967201	90967400	14_EnhA2	1821
chr6	90970211	90970212	rs2089126	chr6	90973001	90973200	17_EnhW2	2790
chr6	90973158	90973159	rs1847472	chr6	90973001	90973200	17_EnhW2	0
chr6	90975989	90975990	rs56106243	chr6	90973201	90974000	15_EnhAF	1990
chr6	90976233	90976234	rs55885254	chr6	90973201	90974000	15_EnhAF	2234
chr6	90976608	90976609	rs62408233	chr6	90973201	90974000	15_EnhAF	2609
chr6	90976767	90976768	rs72928038	chr6	90973201	90974000	15_EnhAF	2768
chr6	90978382	90978383	rs62408235	chr6	90973201	90974000	15_EnhAF	4383
chr6	90980147	90980148	rs62408236	chr6	90973201	90974000	15_EnhAF	6148
chr6	90980344	90980345	rs62408237	chr6	90973201	90974000	15_EnhAF	6345
chr6	90981100	90981101	rs56861491	chr6	90973201	90974000	15_EnhAF	7101
chr6	90981318	90981319	rs55771973	chr6	90973201	90974000	15_EnhAF	7319
chr6	90981656	90981657	rs45553631	chr6	90973201	90974000	15_EnhAF	7657
chr6	90982386	90982387	rs969577	chr6	90973201	90974000	15_EnhAF	8387
chr6	90983849	90983850	rs905671	chr6	90993601	90993800	17_EnhW2	9752
chr6	90984034	90984035	rs943689	chr6	90993601	90993800	17_EnhW2	9567
chr6	90985197	90985198	rs58521088	chr6	90993601	90993800	17_EnhW2	8404
chr6	90985699	90985700	rs371337998	chr6	90993601	90993800	17_EnhW2	7902
chr6	90986352	90986353	rs6454805	chr6	90993601	90993800	17_EnhW2	7249
chr6	90986558	90986559	rs6899623	chr6	90993601	90993800	17_EnhW2	7043
chr6	90986685	90986686	rs2325291	chr6	90993601	90993800	17_EnhW2	6916
chr6	90986748	90986749	rs2325292	chr6	90993601	90993800	17_EnhW2	6853
chr6	90987511	90987512	rs2134814	chr6	90993601	90993800	17_EnhW2	6090
chr6	90989124	90989125	rs7754251	chr6	90993601	90993800	17_EnhW2	4477
chr6	91005742	91005743	rs6908626	chr6	91000601	91001200	16_EnhW1	4543
chr6	91006226	91006227	rs1504215	chr6	91000601	91001200	16_EnhW1	5027
chr6	91008026	91008027	rs6925032	chr6	91000601	91001200	16_EnhW1	6827
chr6	91011672	91011673	rs1321859	chr6	91000601	91001200	16_EnhW1	10473
chr6	91012866	91012867	rs56353819	chr6	91000601	91001200	16_EnhW1	11667
chr6	91014028	91014029	rs56297233	chr6	91000601	91001200	16_EnhW1	12829
chr6	126657471	126657472	rs4897175	chr6	126658201	126658600	17_EnhW2	730
chr6	126659042	126659043	rs6919397	chr6	126658201	126658600	17_EnhW2	443
chr6	126660356	126660357	rs10641703	chr6	126658201	126658600	17_EnhW2	1757
chr6	126661153	126661154	rs9388486	chr6	126658201	126658600	17_EnhW2	2554
chr6	126661857	126661858	rs9375435	chr6	126658201	126658600	17_EnhW2	3258
chr6	126664332	126664333	rs17754780	chr6	126658201	126658600	17_EnhW2	5733
chr6	126666415	126666416	rs6907898	chr6	126658201	126658600	17_EnhW2	7816
chr6	126666825	126666826	rs139082274	chr6	126658201	126658600	17_EnhW2	8226
chr6	126669478	126669479	rs9401876	chr6	126658201	126658600	17_EnhW2	10879
chr6	126674353	126674354	rs2045258	chr6	126658201	126658600	17_EnhW2	15754
chr6	126674383	126674384	rs11423823	chr6	126658201	126658600	17_EnhW2	15784
chr6	126676704	126676705	rs72551994	chr6	126658201	126658600	17_EnhW2	18105
chr6	126678331	126678332	rs35510806	chr6	126658201	126658600	17_EnhW2	19732
chr6	126679105	126679106	rs9491624	chr6	126658201	126658600	17_EnhW2	20506
chr6	126680488	126680489	rs2326387	chr6	126658201	126658600	17_EnhW2	21889
chr6	126682070	126682071	rs35634111	chr6	126658201	126658600	17_EnhW2	23471
chr6	126683593	126683594	rs9398803	chr6	126658201	126658600	17_EnhW2	24994
chr6	126685826	126685827	rs2027299	chr6	126658201	126658600	17_EnhW2	27227
chr6	126686512	126686513	rs4895807	chr6	126658201	126658600	17_EnhW2	27913
chr6	126688595	126688596	rs35536837	chr6	126658201	126658600	17_EnhW2	29996
chr6	126689678	126689679	rs11368520	chr6	126658201	126658600	17_EnhW2	31079
chr6	126690267	126690268	rs34137445	chr6	126658201	126658600	17_EnhW2	31668
chr6	126698718	126698719	rs9388489	chr6	126658201	126658600	17_EnhW2	40119
chr6	126699053	126699054	rs67126256	chr6	126658201	126658600	17_EnhW2	40454
chr6	126701966	126701967	rs1361262	chr6	126658201	126658600	17_EnhW2	43367
chr6	126703389	126703390	rs9398804	chr6	126658201	126658600	17_EnhW2	44790
chr6	126704794	126704795	rs9388490	chr6	126658201	126658600	17_EnhW2	46195
chr6	126707850	126707851	rs11307281	chr6	126658201	126658600	17_EnhW2	49251
chr6	126710823	126710824	rs77560239	chr6	126658201	126658600	17_EnhW2	52224
chr6	126712246	126712247	rs1578060	chr6	126765401	126765800	17_EnhW2	53155
chr6	126715360	126715361	rs34452120	chr6	126765401	126765800	17_EnhW2	50041
chr6	126717063	126717064	rs1591805	chr6	126765401	126765800	17_EnhW2	48338
chr6	126726294	126726295	rs9398805	chr6	126765401	126765800	17_EnhW2	39107
chr6	126727415	126727416	rs35640641	chr6	126765401	126765800	17_EnhW2	37986
chr6	126727907	126727908	rs4897178	chr6	126765401	126765800	17_EnhW2	37494
chr6	126727929	126727930	rs4897179	chr6	126765401	126765800	17_EnhW2	37472
chr6	126727949	126727950	rs4897180	chr6	126765401	126765800	17_EnhW2	37452
chr6	126730542	126730543	rs576049	chr6	126765401	126765800	17_EnhW2	34859
chr6	126733093	126733094	rs59698523	chr6	126765401	126765800	17_EnhW2	32308
chr6	126733139	126733140	rs112166936	chr6	126765401	126765800	17_EnhW2	32262
chr6	126740826	126740827	rs34279746	chr6	126765401	126765800	17_EnhW2	24575
chr6	126742742	126742743	rs34572659	chr6	126765401	126765800	17_EnhW2	22659
chr6	126744086	126744087	rs9321065	chr6	126765401	126765800	17_EnhW2	21315
chr6	126745003	126745004	rs145608233	chr6	126765401	126765800	17_EnhW2	20398
chr6	126745075	126745076	rs2039735	chr6	126765401	126765800	17_EnhW2	20326
chr6	126748492	126748493	rs1538172	chr6	126765401	126765800	17_EnhW2	16909
chr6	126751920	126751921	rs9401881	chr6	126765401	126765800	17_EnhW2	13481
chr6	126752797	126752798	rs4565329	chr6	126765401	126765800	17_EnhW2	12604
chr6	126752873	126752874	rs1538170	chr6	126765401	126765800	17_EnhW2	12528
chr6	126752883	126752884	rs1538171	chr6	126765401	126765800	17_EnhW2	12518
chr6	126753563	126753564	rs4897181	chr6	126765401	126765800	17_EnhW2	11838
chr6	126755054	126755055	rs9401882	chr6	126765401	126765800	17_EnhW2	10347
chr6	126755641	126755642	rs4897182	chr6	126765401	126765800	17_EnhW2	9760
chr6	126758539	126758540	rs9375439	chr6	126765401	126765800	17_EnhW2	6862
chr6	126758790	126758791	rs9398808	chr6	126765401	126765800	17_EnhW2	6611
chr6	126759032	126759033	rs9385399	chr6	126765401	126765800	17_EnhW2	6369
chr6	126759586	126759587	rs1415671	chr6	126765401	126765800	17_EnhW2	5815
chr6	126759642	126759643	rs35168838	chr6	126765401	126765800	17_EnhW2	5759
chr6	126760993	126760994	rs2184968	chr6	126765401	126765800	17_EnhW2	4408
chr6	126761227	126761228	rs2152876	chr6	126765401	126765800	17_EnhW2	4174
chr6	126764189	126764190	rs9385400	chr6	126765401	126765800	17_EnhW2	1212
chr6	126767510	126767511	rs1361107	chr6	126766801	126767400	18_EnhAc	111
chr6	126767599	126767600	rs1361108	chr6	126766801	126767400	18_EnhAc	200
chr6	126771023	126771024	rs1337735	chr6	126766801	126767400	18_EnhAc	3624
chr6	126771142	126771143	rs1361109	chr6	126766801	126767400	18_EnhAc	3743
chr6	126771686	126771687	rs1572569	chr6	126766801	126767400	18_EnhAc	4287
chr6	126773486	126773487	rs2184967	chr6	126766801	126767400	18_EnhAc	6087
chr6	126773579	126773580	rs4559102	chr6	126766801	126767400	18_EnhAc	6180
chr6	126776093	126776094	rs9388494	chr6	126766801	126767400	18_EnhAc	8694
chr6	126778599	126778600	rs9375441	chr6	126766801	126767400	18_EnhAc	11200
chr6	126780216	126780217	rs36081436	chr6	126766801	126767400	18_EnhAc	12817
chr6	126781433	126781434	rs4895808	chr6	126766801	126767400	18_EnhAc	14034
chr6	126782456	126782457	rs9388495	chr6	126766801	126767400	18_EnhAc	15057
chr6	126785061	126785062	rs9388496	chr6	126766801	126767400	18_EnhAc	17662
chr6	126788106	126788107	rs1844594	chr6	126766801	126767400	18_EnhAc	20707
chr6	126789143	126789144	rs9398809	chr6	126766801	126767400	18_EnhAc	21744
chr6	126789471	126789472	rs9385401	chr6	126766801	126767400	18_EnhAc	22072
chr6	126797110	126797111	rs9401883	chr6	126766801	126767400	18_EnhAc	29711
chr6	126801143	126801144	rs1159619	chr6	126766801	126767400	18_EnhAc	33744
chr6	126803136	126803137	rs9375442	chr6	126766801	126767400	18_EnhAc	35737
chr6	126805254	126805255	rs2050644	chr6	126766801	126767400	18_EnhAc	37855
chr6	126806675	126806676	rs4422634	chr6	126766801	126767400	18_EnhAc	39276
chr6	126808636	126808637	rs1120786	chr6	126766801	126767400	18_EnhAc	41237
chr6	126809869	126809870	rs9372839	chr6	126766801	126767400	18_EnhAc	42470
chr6	126811927	126811928	rs2326451	chr6	126766801	126767400	18_EnhAc	44528
chr6	126815603	126815604	rs9398810	chr6	126857001	126857200	17_EnhW2	41398
chr6	126819698	126819699	rs4418209	chr6	126857001	126857200	17_EnhW2	37303
chr6	126822634	126822635	rs9372840	chr6	126857001	126857200	17_EnhW2	34367
chr6	126825836	126825837	rs9401885	chr6	126857001	126857200	17_EnhW2	31165
chr6	126826818	126826819	rs2130603	chr6	126857001	126857200	17_EnhW2	30183
chr6	126829980	126829981	rs7738135	chr6	126857001	126857200	17_EnhW2	27021
chr6	126830511	126830512	rs4053271	chr6	126857001	126857200	17_EnhW2	26490
chr6	126834082	126834083	rs1490387	chr6	126857001	126857200	17_EnhW2	22919
chr6	126835014	126835015	rs9375446	chr6	126857001	126857200	17_EnhW2	21987
chr6	126835654	126835655	rs1490388	chr6	126857001	126857200	17_EnhW2	21347
chr6	126836459	126836460	rs34002010	chr6	126857001	126857200	17_EnhW2	20542
chr6	126837662	126837663	rs1907067	chr6	126857001	126857200	17_EnhW2	19339
chr6	126851159	126851160	rs1490384	chr6	126857001	126857200	17_EnhW2	5842
chr6	126856210	126856211	rs10717620	chr6	126857001	126857200	17_EnhW2	791
chr6	126857951	126857952	rs67740676	chr6	126857001	126857200	17_EnhW2	752
chr6	126865883	126865884	rs6925689	chr6	126857001	126857200	17_EnhW2	8684
chr6	126866132	126866133	rs1155939	chr6	126857001	126857200	17_EnhW2	8933
chr6	126866471	126866472	rs1155938	chr6	126857001	126857200	17_EnhW2	9272
chr6	126867350	126867351	rs4380768	chr6	126857001	126857200	17_EnhW2	10151
chr6	126869028	126869029	rs6921183	chr6	126857001	126857200	17_EnhW2	11829
chr6	126871376	126871377	rs66488607	chr6	126857001	126857200	17_EnhW2	14177
chr6	126874090	126874091	rs9375447	chr6	126857001	126857200	17_EnhW2	16891
chr6	126875378	126875379	rs5879807	chr6	126857001	126857200	17_EnhW2	18179
chr6	126875520	126875521	rs1490385	chr6	126857001	126857200	17_EnhW2	18321
chr6	126876579	126876580	rs9388500	chr6	126857001	126857200	17_EnhW2	19380
chr6	126877522	126877523	rs9401888	chr6	126857001	126857200	17_EnhW2	20323
chr6	126880689	126880690	rs144742171	chr6	126857001	126857200	17_EnhW2	23490
chr6	126881294	126881295	rs9401890	chr6	126857001	126857200	17_EnhW2	24095
chr6	126883005	126883006	rs6931369	chr6	126857001	126857200	17_EnhW2	25806
chr6	126886730	126886731	rs1387916	chr6	126857001	126857200	17_EnhW2	29531
chr6	126888330	126888331	rs4629706	chr6	126857001	126857200	17_EnhW2	31131
chr6	126891304	126891305	rs35799930	chr6	126857001	126857200	17_EnhW2	34105
chr6	126894134	126894135	rs9401891	chr6	126857001	126857200	17_EnhW2	36935
chr6	126895367	126895368	rs9401892	chr6	126857001	126857200	17_EnhW2	38168
chr6	126896106	126896107	rs4621655	chr6	126857001	126857200	17_EnhW2	38907
chr6	126896167	126896168	rs4621656	chr6	126857001	126857200	17_EnhW2	38968
chr6	126896226	126896227	rs4621657	chr6	126857001	126857200	17_EnhW2	39027
chr6	126896781	126896782	rs9375448	chr6	126857001	126857200	17_EnhW2	39582
chr6	126897826	126897827	rs1844593	chr6	126857001	126857200	17_EnhW2	40627
chr6	126897968	126897969	rs3861455	chr6	126857001	126857200	17_EnhW2	40769
chr6	126898540	126898541	rs9372841	chr6	126857001	126857200	17_EnhW2	41341
chr6	126898659	126898660	rs3861456	chr6	126857001	126857200	17_EnhW2	41460
chr6	126899268	126899269	rs34987743	chr6	126857001	126857200	17_EnhW2	42069
chr6	126899852	126899853	rs4895811	chr6	126857001	126857200	17_EnhW2	42653
chr6	126902244	126902245	rs3861457	chr6	126857001	126857200	17_EnhW2	45045
chr6	126903010	126903011	rs9388501	chr6	126857001	126857200	17_EnhW2	45811
chr6	126907643	126907644	rs9401893	chr6	126954001	126954400	15_EnhAF	46358
chr6	126909388	126909389	rs9388502	chr6	126954001	126954400	15_EnhAF	44613
chr6	126912161	126912162	rs3861458	chr6	126954001	126954400	15_EnhAF	41840
chr6	126919969	126919970	rs9388503	chr6	126954001	126954400	15_EnhAF	34032
chr6	126920480	126920481	rs9372842	chr6	126954001	126954400	15_EnhAF	33521
chr6	126922213	126922214	rs1826189	chr6	126954001	126954400	15_EnhAF	31788
chr6	126923876	126923877	rs9482757	chr6	126954001	126954400	15_EnhAF	30125
chr6	126926897	126926898	rs12208811	chr6	126954001	126954400	15_EnhAF	27104
chr6	126927716	126927717	rs7743860	chr6	126954001	126954400	15_EnhAF	26285
chr6	126927866	126927867	rs10708510	chr6	126954001	126954400	15_EnhAF	26135
chr6	126931821	126931822	rs4584000	chr6	126954001	126954400	15_EnhAF	22180
chr6	126933358	126933359	rs6914367	chr6	126954001	126954400	15_EnhAF	20643
chr6	126936234	126936235	rs7738836	chr6	126954001	126954400	15_EnhAF	17767
chr6	126936952	126936953	rs4339479	chr6	126954001	126954400	15_EnhAF	17049
chr6	126937889	126937890	rs4629707	chr6	126954001	126954400	15_EnhAF	16112
chr6	126938535	126938536	rs4243491	chr6	126954001	126954400	15_EnhAF	15466
chr6	126940640	126940641	rs9401897	chr6	126954001	126954400	15_EnhAF	13361
chr6	126943619	126943620	rs9491652	chr6	126954001	126954400	15_EnhAF	10382
chr6	126943629	126943630	rs9491653	chr6	126954001	126954400	15_EnhAF	10372
chr6	126943897	126943898	rs13207431	chr6	126954001	126954400	15_EnhAF	10104
chr6	126951509	126951510	rs1340952	chr6	126954001	126954400	15_EnhAF	2492
chr6	126951747	126951748	rs1340953	chr6	126954001	126954400	15_EnhAF	2254
chr6	126958726	126958727	rs1417572	chr6	126954601	126955200	15_EnhAF	3527
chr6	126963806	126963807	rs9375449	chr6	126972201	126972600	16_EnhW1	8395
chr6	126964025	126964026	rs1538956	chr6	126972201	126972600	16_EnhW1	8176
chr6	126964674	126964675	rs4626447	chr6	126972201	126972600	16_EnhW1	7527
chr6	126966307	126966308	rs4549631	chr6	126972201	126972600	16_EnhW1	5894
chr6	126970894	126970895	rs9388507	chr6	126972201	126972600	16_EnhW1	1307
chr6	126972882	126972883	rs3905044	chr6	126972201	126972600	16_EnhW1	283
chr6	126974184	126974185	rs11303234	chr6	126972201	126972600	16_EnhW1	1585
chr6	126975114	126975115	rs6911485	chr6	126972201	126972600	16_EnhW1	2515
chr6	126975785	126975786	rs4895813	chr6	126972201	126972600	16_EnhW1	3186
chr6	126976615	126976616	rs6913430	chr6	126979001	126979400	16_EnhW1	2386
chr6	126985350	126985351	rs9375450	chr6	126985001	126985400	15_EnhAF	0
chr6	126986057	126986058	rs34542859	chr6	126985801	126986200	17_EnhW2	0
chr6	126986437	126986438	rs34588961	chr6	126986201	126987200	16_EnhW1	0
chr6	126987220	126987221	rs144578168	chr6	126986201	126987200	16_EnhW1	21
chr6	126989976	126989977	rs9388509	chr6	126986201	126987200	16_EnhW1	2777
chr6	126990391	126990392	rs6918725	chr6	126993401	126993600	16_EnhW1	3010
chr6	126992201	126992202	rs8180649	chr6	126993401	126993600	16_EnhW1	1200
chr6	126995067	126995068	rs6925607	chr6	126993401	126993600	16_EnhW1	1468
chr6	126995937	126995938	rs6912198	chr6	126993401	126993600	16_EnhW1	2338
chr6	126996229	126996230	rs7750293	chr6	126993401	126993600	16_EnhW1	2630
chr6	126997184	126997185	rs140914786	chr6	126993401	126993600	16_EnhW1	3585
chr6	126997840	126997841	rs75169667	chr6	126993401	126993600	16_EnhW1	4241
chr6	126998374	126998375	rs144381316	chr6	126993401	126993600	16_EnhW1	4775
chr6	126998496	126998497	rs78491655	chr6	126993401	126993600	16_EnhW1	4897
chr6	127000105	127000106	rs4316017	chr6	126993401	126993600	16_EnhW1	6506
chr6	127000407	127000408	rs4473871	chr6	126993401	126993600	16_EnhW1	6808
chr6	127000953	127000954	rs5879812	chr6	126993401	126993600	16_EnhW1	7354
chr6	127003463	127003464	rs853961	chr6	126993401	126993600	16_EnhW1	9864
chr6	127007949	127007950	rs35797339	chr6	126993401	126993600	16_EnhW1	14350
chr6	127008430	127008431	rs6569469	chr6	126993401	126993600	16_EnhW1	14831
chr6	127009668	127009669	rs7740134	chr6	126993401	126993600	16_EnhW1	16069
chr6	127015082	127015083	rs864937	chr6	126993401	126993600	16_EnhW1	21483
chr6	127020172	127020173	rs853985	chr6	127037001	127037800	16_EnhW1	16829
chr6	127022803	127022804	rs864938	chr6	127037001	127037800	16_EnhW1	14198
chr6	127023335	127023336	rs853986	chr6	127037001	127037800	16_EnhW1	13666
chr6	127024774	127024775	rs853987	chr6	127037001	127037800	16_EnhW1	12227
chr6	127027649	127027650	rs853962	chr6	127037001	127037800	16_EnhW1	9352
chr6	127031220	127031221	rs4460221	chr6	127037001	127037800	16_EnhW1	5781
chr6	127031549	127031550	rs1269195	chr6	127037001	127037800	16_EnhW1	5452
chr6	127032007	127032008	rs1262542	chr6	127037001	127037800	16_EnhW1	4994
chr6	127032498	127032499	rs1262543	chr6	127037001	127037800	16_EnhW1	4503
chr6	127036173	127036174	rs853965	chr6	127037001	127037800	16_EnhW1	828
chr6	127037235	127037236	rs853966	chr6	127037001	127037800	16_EnhW1	0
chr6	127044768	127044769	rs853980	chr6	127043801	127044000	18_EnhAc	769
chr6	127045459	127045460	rs853981	chr6	127043801	127044000	18_EnhAc	1460
chr6	127046120	127046121	rs853982	chr6	127043801	127044000	18_EnhAc	2121
chr6	127046152	127046153	rs853983	chr6	127043801	127044000	18_EnhAc	2153
chr6	127047606	127047607	rs1101558	chr6	127043801	127044000	18_EnhAc	3607
chr6	127047682	127047683	rs1101559	chr6	127043801	127044000	18_EnhAc	3683
chr6	127048522	127048523	rs1101561	chr6	127043801	127044000	18_EnhAc	4523
chr6	127049145	127049146	rs1101562	chr6	127043801	127044000	18_EnhAc	5146
chr6	127049197	127049198	rs1101563	chr6	127043801	127044000	18_EnhAc	5198
chr6	127050148	127050149	rs146612077	chr6	127043801	127044000	18_EnhAc	6149
chr6	127050163	127050164	rs139078271	chr6	127043801	127044000	18_EnhAc	6164
chr6	127052112	127052113	rs1313696	chr6	127043801	127044000	18_EnhAc	8113
chr6	127052478	127052479	rs1313697	chr6	127043801	127044000	18_EnhAc	8479
chr6	127052596	127052597	rs1313698	chr6	127043801	127044000	18_EnhAc	8597
chr6	127052815	127052816	rs1262555	chr6	127043801	127044000	18_EnhAc	8816
chr6	127054434	127054435	rs1262556	chr6	127043801	127044000	18_EnhAc	10435
chr6	127054587	127054588	rs1262557	chr6	127043801	127044000	18_EnhAc	10588
chr6	127054913	127054914	rs1022573	chr6	127043801	127044000	18_EnhAc	10914
chr6	127055654	127055655	rs853976	chr6	127043801	127044000	18_EnhAc	11655
chr6	127055784	127055785	rs853977	chr6	127043801	127044000	18_EnhAc	11785
chr6	127057940	127057941	rs853979	chr6	127043801	127044000	18_EnhAc	13941
chr6	127061317	127061318	rs853969	chr6	127043801	127044000	18_EnhAc	17318
chr6	127063982	127063983	rs853970	chr6	127043801	127044000	18_EnhAc	19983
chr6	127064916	127064917	rs2793052	chr6	127043801	127044000	18_EnhAc	20917
chr6	127064917	127064918	rs2793051	chr6	127043801	127044000	18_EnhAc	20918
chr6	127066189	127066190	rs853971	chr6	127043801	127044000	18_EnhAc	22190
chr6	127066498	127066499	rs36117949	chr6	127043801	127044000	18_EnhAc	22499
chr6	127067802	127067803	rs1101556	chr6	127043801	127044000	18_EnhAc	23803
chr6	127067995	127067996	rs1101557	chr6	127043801	127044000	18_EnhAc	23996
chr6	127068292	127068293	rs853972	chr6	127043801	127044000	18_EnhAc	24293
chr6	127068346	127068347	rs853973	chr6	127043801	127044000	18_EnhAc	24347
chr6	127070233	127070234	rs853975	chr6	127094201	127094400	16_EnhW1	23968
chr6	127071752	127071753	rs853968	chr6	127094201	127094400	16_EnhW1	22449
chr6	127073797	127073798	rs861237	chr6	127094201	127094400	16_EnhW1	20404
chr6	127074586	127074587	rs1262545	chr6	127094201	127094400	16_EnhW1	19615
chr6	127075490	127075491	rs1262546	chr6	127094201	127094400	16_EnhW1	18711
chr6	127075695	127075696	rs979197	chr6	127094201	127094400	16_EnhW1	18506
chr6	127078109	127078110	rs1262550	chr6	127094201	127094400	16_EnhW1	16092
chr6	127078210	127078211	rs1262551	chr6	127094201	127094400	16_EnhW1	15991
chr6	127078751	127078752	rs1262552	chr6	127094201	127094400	16_EnhW1	15450
chr6	127078784	127078785	rs1262553	chr6	127094201	127094400	16_EnhW1	15417
chr6	127080699	127080700	rs1015446	chr6	127094201	127094400	16_EnhW1	13502
chr6	170362119	170362120	rs924039	chr6	170232001	170232200	16_EnhW1	129920
chr6	170364491	170364492	rs924040	chr6	170232001	170232200	16_EnhW1	132292
chr6	170368704	170368705	rs12213931	chr6	170232001	170232200	16_EnhW1	136505
chr6	170369458	170369459	rs4710811	chr6	170232001	170232200	16_EnhW1	137259
chr6	170370677	170370678	rs12202971	chr6	170232001	170232200	16_EnhW1	138478
chr6	170371692	170371693	rs13205183	chr6	170232001	170232200	16_EnhW1	139493
chr6	170376382	170376383	rs55916920	chr6	170232001	170232200	16_EnhW1	144183
chr6	170376848	170376849	rs75738781	chr6	170232001	170232200	16_EnhW1	144649
chr6	170377811	170377812	rs9460213	chr6	170232001	170232200	16_EnhW1	145612
chr6	170378586	170378587	rs66498509	chr6	170232001	170232200	16_EnhW1	146387
chr6	170379024	170379025	rs924043	chr6	170232001	170232200	16_EnhW1	146825
chr6	170382136	170382137	rs924045	chr6	170232001	170232200	16_EnhW1	149937
chr6	170382287	170382288	rs924046	chr6	170232001	170232200	16_EnhW1	150088
chr6	170382334	170382335	rs80251809	chr6	170232001	170232200	16_EnhW1	150135
chr6	170382653	170382654	rs7764906	chr6	170232001	170232200	16_EnhW1	150454
chr6	170382922	170382923	rs4235991	chr6	170232001	170232200	16_EnhW1	150723
chr6	170383474	170383475	rs113139928	chr6	170232001	170232200	16_EnhW1	151275
chr6	170383700	170383701	rs874105	chr6	170232001	170232200	16_EnhW1	151501
chr6	170384029	170384030	rs9460225	chr6	170232001	170232200	16_EnhW1	151830
chr6	170384661	170384662	rs1390310	chr6	170232001	170232200	16_EnhW1	152462
chr6	170385944	170385945	rs370444894	chr6	170232001	170232200	16_EnhW1	153745
chr6	170387375	170387376	rs1580720	chr6	170232001	170232200	16_EnhW1	155176
chr6	170387399	170387400	rs9356666	chr6	170232001	170232200	16_EnhW1	155200
chr6	170387740	170387741	rs1390309	chr6	170232001	170232200	16_EnhW1	155541
chr6	170389363	170389364	rs4710841	chr6	170232001	170232200	16_EnhW1	157164
chr6	170389452	170389453	rs9460232	chr6	170232001	170232200	16_EnhW1	157253
chr6	170389664	170389665	rs9348281	chr6	170232001	170232200	16_EnhW1	157465
chr6	170389781	170389782	rs4710735	chr6	170232001	170232200	16_EnhW1	157582
chr6	170390046	170390047	rs74301117	chr6	170232001	170232200	16_EnhW1	157847
chr6	170390255	170390256	rs7763066	chr6	170232001	170232200	16_EnhW1	158056
chr6	170390601	170390602	rs12525952	chr6	170232001	170232200	16_EnhW1	158402
chr6	170391408	170391409	rs9348353	chr6	170232001	170232200	16_EnhW1	159209
chr6	170392035	170392036	rs10806881	chr6	170232001	170232200	16_EnhW1	159836
chr6	170392738	170392739	rs4710845	chr6	170232001	170232200	16_EnhW1	160539
chr6	170393595	170393596	rs78932628	chr6	170232001	170232200	16_EnhW1	161396
chr6	170394168	170394169	rs111676252	chr6	170232001	170232200	16_EnhW1	161969
chr6	170395473	170395474	rs28506963	chr6	170232001	170232200	16_EnhW1	163274
chr6	170395679	170395680	rs12528344	chr6	170232001	170232200	16_EnhW1	163480
chr6	170395758	170395759	rs12525300	chr6	170232001	170232200	16_EnhW1	163559
chr6	170395834	170395835	rs4710846	chr6	170232001	170232200	16_EnhW1	163635
chr6	170395840	170395841	rs4710847	chr6	170232001	170232200	16_EnhW1	163641
chr6	170396845	170396846	rs74954452	chr6	170232001	170232200	16_EnhW1	164646
chr6	170396962	170396963	rs72503859	chr6	170232001	170232200	16_EnhW1	164763
chr6	170397318	170397319	rs4710852	chr6	170232001	170232200	16_EnhW1	165119
chr6	170397915	170397916	rs12527357	chr6	170232001	170232200	16_EnhW1	165716
chr6	170400010	170400011	rs4710865	chr6	170232001	170232200	16_EnhW1	167811
chr6	170406263	170406264	rs9348286	chr6	170578601	170578800	18_EnhAc	172338
chr6	170406381	170406382	rs199777384	chr6	170578601	170578800	18_EnhAc	172220
chr6	170406668	170406669	rs9366269	chr6	170578601	170578800	18_EnhAc	171933
chr6	170406758	170406759	rs147342206	chr6	170578601	170578800	18_EnhAc	171843
chr6	170406759	170406760	rs200444538	chr6	170578601	170578800	18_EnhAc	171842
chr6	170407404	170407405	rs2036092	chr6	170578601	170578800	18_EnhAc	171197
chr6	170408133	170408134	rs28494764	chr6	170578601	170578800	18_EnhAc	170468
chr6	170408328	170408329	rs11271589	chr6	170578601	170578800	18_EnhAc	170273
chr7	26694925	26694926	rs7805778	chr7	26688401	26688600	17_EnhW2	6326
chr7	26698193	26698194	rs212838	chr7	26688401	26688600	17_EnhW2	9594
chr7	26711103	26711104	rs3757654	chr7	26714601	26715600	17_EnhW2	3498
chr7	26722154	26722155	rs212848	chr7	26725801	26726000	17_EnhW2	3647
chr7	26724278	26724279	rs212850	chr7	26725801	26726000	17_EnhW2	1523
chr7	26729204	26729205	rs212856	chr7	26726801	26727000	15_EnhAF	2205
chr7	26730199	26730200	rs212857	chr7	26726801	26727000	15_EnhAF	3200
chr7	26736219	26736220	rs4719877	chr7	26743801	26744000	17_EnhW2	7582
chr7	26746303	26746304	rs6461962	chr7	26746001	26746200	17_EnhW2	104
chr7	26753073	26753074	rs6972378	chr7	26746001	26746200	17_EnhW2	6874
chr7	26755978	26755979	rs61557243	chr7	26746001	26746200	17_EnhW2	9779
chr7	26756161	26756162	rs6951065	chr7	26746001	26746200	17_EnhW2	9962
chr7	26756423	26756424	rs6964817	chr7	26746001	26746200	17_EnhW2	10224
chr7	26766850	26766851	rs2106905	chr7	26746001	26746200	17_EnhW2	20651
chr7	26772490	26772491	rs6461963	chr7	26746001	26746200	17_EnhW2	26291
chr7	26773363	26773364	rs4722630	chr7	26746001	26746200	17_EnhW2	27164
chr7	26781204	26781205	rs147381420	chr7	26746001	26746200	17_EnhW2	35005
chr7	26782563	26782564	rs6971397	chr7	26746001	26746200	17_EnhW2	36364
chr7	26787425	26787426	rs727448	chr7	26746001	26746200	17_EnhW2	41226
chr7	26787641	26787642	rs727450	chr7	26746001	26746200	17_EnhW2	41442
chr7	26789471	26789472	rs10281261	chr7	26746001	26746200	17_EnhW2	43272
chr7	26793214	26793215	rs7457076	chr7	26746001	26746200	17_EnhW2	47015
chr7	26794000	26794001	rs59297270	chr7	26746001	26746200	17_EnhW2	47801
chr7	26795072	26795073	rs2189017	chr7	26746001	26746200	17_EnhW2	48873
chr7	26798580	26798581	rs2189019	chr7	26746001	26746200	17_EnhW2	52381
chr7	26802084	26802085	rs73061894	chr7	26746001	26746200	17_EnhW2	55885
chr7	26805211	26805212	rs117217399	chr7	26746001	26746200	17_EnhW2	59012
chr7	26819464	26819465	rs10486478	chr7	26889801	26890200	17_EnhW2	70337
chr7	26820576	26820577	rs3801850	chr7	26889801	26890200	17_EnhW2	69225
chr7	26822875	26822876	rs12536560	chr7	26889801	26890200	17_EnhW2	66926
chr7	26825983	26825984	rs73065504	chr7	26889801	26890200	17_EnhW2	63818
chr7	26826756	26826757	rs10267950	chr7	26889801	26890200	17_EnhW2	63045
chr7	26827034	26827035	rs112439431	chr7	26889801	26890200	17_EnhW2	62767
chr7	26827814	26827815	rs10272303	chr7	26889801	26890200	17_EnhW2	61987
chr7	26828652	26828653	rs3801846	chr7	26889801	26890200	17_EnhW2	61149
chr7	26828964	26828965	rs1327988	chr7	26889801	26890200	17_EnhW2	60837
chr7	26829758	26829759	rs3801844	chr7	26889801	26890200	17_EnhW2	60043
chr7	26830200	26830201	rs3801843	chr7	26889801	26890200	17_EnhW2	59601
chr7	26830262	26830263	rs3801842	chr7	26889801	26890200	17_EnhW2	59539
chr7	26830554	26830555	rs73065517	chr7	26889801	26890200	17_EnhW2	59247
chr7	26830675	26830676	rs141552689	chr7	26889801	26890200	17_EnhW2	59126
chr7	26830824	26830825	rs28733208	chr7	26889801	26890200	17_EnhW2	58977
chr7	26831408	26831409	rs73065521	chr7	26889801	26890200	17_EnhW2	58393
chr7	26832985	26832986	rs3801840	chr7	26889801	26890200	17_EnhW2	56816
chr7	26833562	26833563	rs1327989	chr7	26889801	26890200	17_EnhW2	56239
chr7	26834379	26834380	rs6964094	chr7	26889801	26890200	17_EnhW2	55422
chr7	26835726	26835727	rs6956088	chr7	26889801	26890200	17_EnhW2	54075
chr7	26837939	26837940	rs10276471	chr7	26889801	26890200	17_EnhW2	51862
chr7	26838676	26838677	rs4722641	chr7	26889801	26890200	17_EnhW2	51125
chr7	26839628	26839629	rs142852921	chr7	26889801	26890200	17_EnhW2	50173
chr7	26839953	26839954	rs10225924	chr7	26889801	26890200	17_EnhW2	49848
chr7	26840153	26840154	rs145665108	chr7	26889801	26890200	17_EnhW2	49648
chr7	26840651	26840652	rs10229837	chr7	26889801	26890200	17_EnhW2	49150
chr7	26841701	26841702	rs12532395	chr7	26889801	26890200	17_EnhW2	48100
chr7	26843461	26843462	rs10215738	chr7	26889801	26890200	17_EnhW2	46340
chr7	26844229	26844230	rs4722643	chr7	26889801	26890200	17_EnhW2	45572
chr7	26844851	26844852	rs12539719	chr7	26889801	26890200	17_EnhW2	44950
chr7	26845385	26845386	rs4722644	chr7	26889801	26890200	17_EnhW2	44416
chr7	26847761	26847762	rs12333525	chr7	26889801	26890200	17_EnhW2	42040
chr7	26849557	26849558	rs10244986	chr7	26889801	26890200	17_EnhW2	40244
chr7	26850194	26850195	rs73067435	chr7	26889801	26890200	17_EnhW2	39607
chr7	26850312	26850313	rs73067437	chr7	26889801	26890200	17_EnhW2	39489
chr7	26850698	26850699	rs57135974	chr7	26889801	26890200	17_EnhW2	39103
chr7	26850775	26850776	rs58760954	chr7	26889801	26890200	17_EnhW2	39026
chr7	26851073	26851074	rs73067443	chr7	26889801	26890200	17_EnhW2	38728
chr7	26851360	26851361	rs3801837	chr7	26889801	26890200	17_EnhW2	38441
chr7	26851399	26851400	rs3801836	chr7	26889801	26890200	17_EnhW2	38402
chr7	26852061	26852062	rs3801834	chr7	26889801	26890200	17_EnhW2	37740
chr7	26852211	26852212	rs3801833	chr7	26889801	26890200	17_EnhW2	37590
chr7	26852279	26852280	rs3801832	chr7	26889801	26890200	17_EnhW2	37522
chr7	26852719	26852720	rs7802715	chr7	26889801	26890200	17_EnhW2	37082
chr7	26852727	26852728	rs7785815	chr7	26889801	26890200	17_EnhW2	37074
chr7	26852739	26852740	rs114978183	chr7	26889801	26890200	17_EnhW2	37062
chr7	26852740	26852741	rs115453073	chr7	26889801	26890200	17_EnhW2	37061
chr7	26852759	26852760	rs7785832	chr7	26889801	26890200	17_EnhW2	37042
chr7	26852859	26852860	rs17315334	chr7	26889801	26890200	17_EnhW2	36942
chr7	26852997	26852998	rs73067456	chr7	26889801	26890200	17_EnhW2	36804
chr7	26853469	26853470	rs3801831	chr7	26889801	26890200	17_EnhW2	36332
chr7	26853740	26853741	rs3823938	chr7	26889801	26890200	17_EnhW2	36061
chr7	26853764	26853765	rs3842174	chr7	26889801	26890200	17_EnhW2	36037
chr7	26853829	26853830	rs3823936	chr7	26889801	26890200	17_EnhW2	35972
chr7	26853933	26853934	rs3823934	chr7	26889801	26890200	17_EnhW2	35868
chr7	26853965	26853966	rs3823933	chr7	26889801	26890200	17_EnhW2	35836
chr7	26853979	26853980	rs3823932	chr7	26889801	26890200	17_EnhW2	35822
chr7	26854025	26854026	rs3823931	chr7	26889801	26890200	17_EnhW2	35776
chr7	26854265	26854266	rs10262414	chr7	26889801	26890200	17_EnhW2	35536
chr7	26854374	26854375	rs12532199	chr7	26889801	26890200	17_EnhW2	35427
chr7	26854387	26854388	rs12537323	chr7	26889801	26890200	17_EnhW2	35414
chr7	26854670	26854671	rs28617235	chr7	26889801	26890200	17_EnhW2	35131
chr7	26854687	26854688	rs71712303	chr7	26889801	26890200	17_EnhW2	35114
chr7	26854736	26854737	rs71823311	chr7	26889801	26890200	17_EnhW2	35065
chr7	26854827	26854828	rs12532796	chr7	26889801	26890200	17_EnhW2	34974
chr7	26854869	26854870	rs3801830	chr7	26889801	26890200	17_EnhW2	34932
chr7	26854995	26854996	rs3801829	chr7	26889801	26890200	17_EnhW2	34806
chr7	26855281	26855282	rs10266759	chr7	26889801	26890200	17_EnhW2	34520
chr7	26855283	26855284	rs3801828	chr7	26889801	26890200	17_EnhW2	34518
chr7	26855731	26855732	rs6948584	chr7	26889801	26890200	17_EnhW2	34070
chr7	26855942	26855943	rs6948657	chr7	26889801	26890200	17_EnhW2	33859
chr7	26855958	26855959	rs73067472	chr7	26889801	26890200	17_EnhW2	33843
chr7	26856524	26856525	rs3823930	chr7	26889801	26890200	17_EnhW2	33277
chr7	26856599	26856600	rs3823929	chr7	26889801	26890200	17_EnhW2	33202
chr7	26856625	26856626	rs3801827	chr7	26889801	26890200	17_EnhW2	33176
chr7	26856719	26856720	rs3801826	chr7	26889801	26890200	17_EnhW2	33082
chr7	26856958	26856959	rs3801825	chr7	26889801	26890200	17_EnhW2	32843
chr7	26857119	26857120	rs73067475	chr7	26889801	26890200	17_EnhW2	32682
chr7	26857239	26857240	rs73067476	chr7	26889801	26890200	17_EnhW2	32562
chr7	26857750	26857751	rs115447617	chr7	26889801	26890200	17_EnhW2	32051
chr7	26857827	26857828	rs138144949	chr7	26889801	26890200	17_EnhW2	31974
chr7	26857836	26857837	rs141181073	chr7	26889801	26890200	17_EnhW2	31965
chr7	26857897	26857898	rs149647132	chr7	26889801	26890200	17_EnhW2	31904
chr7	26858394	26858395	rs144254466	chr7	26889801	26890200	17_EnhW2	31407
chr7	26858649	26858650	rs147444868	chr7	26889801	26890200	17_EnhW2	31152
chr7	26859151	26859152	rs111373218	chr7	26889801	26890200	17_EnhW2	30650
chr7	26859171	26859172	rs112164743	chr7	26889801	26890200	17_EnhW2	30630
chr7	26860073	26860074	rs150362021	chr7	26889801	26890200	17_EnhW2	29728
chr7	26860133	26860134	rs17315775	chr7	26889801	26890200	17_EnhW2	29668
chr7	26860323	26860324	rs28404962	chr7	26889801	26890200	17_EnhW2	29478
chr7	26860347	26860348	rs147487393	chr7	26889801	26890200	17_EnhW2	29454
chr7	26860632	26860633	rs13438513	chr7	26889801	26890200	17_EnhW2	29169
chr7	26860687	26860688	rs13438514	chr7	26889801	26890200	17_EnhW2	29114
chr7	26860728	26860729	rs57548049	chr7	26889801	26890200	17_EnhW2	29073
chr7	26860740	26860741	rs55739485	chr7	26889801	26890200	17_EnhW2	29061
chr7	26861030	26861031	rs3801823	chr7	26889801	26890200	17_EnhW2	28771
chr7	26861200	26861201	rs3801822	chr7	26889801	26890200	17_EnhW2	28601
chr7	26861205	26861206	rs3801821	chr7	26889801	26890200	17_EnhW2	28596
chr7	26861352	26861353	rs3801820	chr7	26889801	26890200	17_EnhW2	28449
chr7	26861608	26861609	rs7785689	chr7	26889801	26890200	17_EnhW2	28193
chr7	26861639	26861640	rs7785711	chr7	26889801	26890200	17_EnhW2	28162
chr7	26861672	26861673	rs146833757	chr7	26889801	26890200	17_EnhW2	28129
chr7	26861942	26861943	rs7785798	chr7	26889801	26890200	17_EnhW2	27859
chr7	26861958	26861959	rs7785918	chr7	26889801	26890200	17_EnhW2	27843
chr7	26862361	26862362	rs57623217	chr7	26889801	26890200	17_EnhW2	27440
chr7	26862463	26862464	rs59254259	chr7	26889801	26890200	17_EnhW2	27338
chr7	26862804	26862805	rs28816386	chr7	26889801	26890200	17_EnhW2	26997
chr7	26862982	26862983	rs113003633	chr7	26889801	26890200	17_EnhW2	26819
chr7	26863173	26863174	rs12540045	chr7	26889801	26890200	17_EnhW2	26628
chr7	26863293	26863294	rs10248500	chr7	26889801	26890200	17_EnhW2	26508
chr7	26864172	26864173	rs17315929	chr7	26889801	26890200	17_EnhW2	25629
chr7	26864188	26864189	rs145615731	chr7	26889801	26890200	17_EnhW2	25613
chr7	26865298	26865299	rs10227673	chr7	26889801	26890200	17_EnhW2	24503
chr7	26865609	26865610	rs7805766	chr7	26889801	26890200	17_EnhW2	24192
chr7	26866496	26866497	rs17375272	chr7	26889801	26890200	17_EnhW2	23305
chr7	26866697	26866698	rs3801819	chr7	26889801	26890200	17_EnhW2	23104
chr7	26868309	26868310	rs61268985	chr7	26889801	26890200	17_EnhW2	21492
chr7	26868342	26868343	rs61354389	chr7	26889801	26890200	17_EnhW2	21459
chr7	26868634	26868635	rs12540508	chr7	26889801	26890200	17_EnhW2	21167
chr7	26869879	26869880	rs10225700	chr7	26889801	26890200	17_EnhW2	19922
chr7	26869886	26869887	rs10241234	chr7	26889801	26890200	17_EnhW2	19915
chr7	26869887	26869888	rs10225904	chr7	26889801	26890200	17_EnhW2	19914
chr7	26872580	26872581	rs28550029	chr7	26889801	26890200	17_EnhW2	17221
chr7	26872864	26872865	rs200294611	chr7	26889801	26890200	17_EnhW2	16937
chr7	26872987	26872988	rs1967332	chr7	26889801	26890200	17_EnhW2	16814
chr7	26873193	26873194	rs113360640	chr7	26889801	26890200	17_EnhW2	16608
chr7	26874638	26874639	rs114236648	chr7	26889801	26890200	17_EnhW2	15163
chr7	26875062	26875063	rs142627936	chr7	26889801	26890200	17_EnhW2	14739
chr7	26875310	26875311	rs139377078	chr7	26889801	26890200	17_EnhW2	14491
chr7	26875968	26875969	rs149948351	chr7	26889801	26890200	17_EnhW2	13833
chr7	26876578	26876579	rs145878112	chr7	26889801	26890200	17_EnhW2	13223
chr7	26877188	26877189	rs12534899	chr7	26889801	26890200	17_EnhW2	12613
chr7	26877209	26877210	rs12534921	chr7	26889801	26890200	17_EnhW2	12592
chr7	26877535	26877536	rs73069507	chr7	26889801	26890200	17_EnhW2	12266
chr7	26877566	26877567	rs73069510	chr7	26889801	26890200	17_EnhW2	12235
chr7	26881176	26881177	rs3801816	chr7	26889801	26890200	17_EnhW2	8625
chr7	26881291	26881292	rs3801815	chr7	26889801	26890200	17_EnhW2	8510
chr7	26881301	26881302	rs3801814	chr7	26889801	26890200	17_EnhW2	8500
chr7	26882066	26882067	rs12535784	chr7	26889801	26890200	17_EnhW2	7735
chr7	26882251	26882252	rs4719882	chr7	26889801	26890200	17_EnhW2	7550
chr7	26882292	26882293	rs35569646	chr7	26889801	26890200	17_EnhW2	7509
chr7	26882509	26882510	rs67111283	chr7	26889801	26890200	17_EnhW2	7292
chr7	26884128	26884129	rs142151527	chr7	26889801	26890200	17_EnhW2	5673
chr7	26884134	26884135	rs1982995	chr7	26889801	26890200	17_EnhW2	5667
chr7	26884670	26884671	rs10236221	chr7	26889801	26890200	17_EnhW2	5131
chr7	26885884	26885885	rs10270187	chr7	26889801	26890200	17_EnhW2	3917
chr7	26886308	26886309	rs10227529	chr7	26889801	26890200	17_EnhW2	3493
chr7	26886467	26886468	rs10251839	chr7	26889801	26890200	17_EnhW2	3334
chr7	26887068	26887069	rs3801813	chr7	26889801	26890200	17_EnhW2	2733
chr7	26887614	26887615	rs3801812	chr7	26889801	26890200	17_EnhW2	2187
chr7	26887941	26887942	rs10272190	chr7	26889801	26890200	17_EnhW2	1860
chr7	26888073	26888074	rs10227231	chr7	26889801	26890200	17_EnhW2	1728
chr7	26888133	26888134	rs66552416	chr7	26889801	26890200	17_EnhW2	1668
chr7	26888154	26888155	rs10272457	chr7	26889801	26890200	17_EnhW2	1647
chr7	26888276	26888277	rs10272603	chr7	26889801	26890200	17_EnhW2	1525
chr7	26888917	26888918	rs6461979	chr7	26889801	26890200	17_EnhW2	884
chr7	26889861	26889862	rs17376018	chr7	26889801	26890200	17_EnhW2	0
chr7	26890445	26890446	rs4722647	chr7	26889801	26890200	17_EnhW2	246
chr7	26890571	26890572	rs3934268	chr7	26889801	26890200	17_EnhW2	372
chr7	26890671	26890672	rs2031811	chr7	26889801	26890200	17_EnhW2	472
chr7	26891015	26891016	rs2030136	chr7	26889801	26890200	17_EnhW2	816
chr7	26891099	26891100	rs2030135	chr7	26889801	26890200	17_EnhW2	900
chr7	26891100	26891101	rs2030134	chr7	26889801	26890200	17_EnhW2	901
chr7	26891103	26891104	rs2030133	chr7	26889801	26890200	17_EnhW2	904
chr7	26891338	26891339	rs2030132	chr7	26889801	26890200	17_EnhW2	1139
chr7	26891664	26891665	rs7804356	chr7	26889801	26890200	17_EnhW2	1465
chr7	26891830	26891831	rs7804620	chr7	26889801	26890200	17_EnhW2	1631
chr7	26892324	26892325	rs73069533	chr7	26889801	26890200	17_EnhW2	2125
chr7	26892439	26892440	rs10486483	chr7	26889801	26890200	17_EnhW2	2240
chr7	26892530	26892531	rs3801810	chr7	26889801	26890200	17_EnhW2	2331
chr7	26893316	26893317	rs3823928	chr7	26889801	26890200	17_EnhW2	3117
chr7	26893356	26893357	rs7791513	chr7	26889801	26890200	17_EnhW2	3157
chr7	26893523	26893524	rs3213853	chr7	26889801	26890200	17_EnhW2	3324
chr7	26894122	26894123	rs6461980	chr7	26889801	26890200	17_EnhW2	3923
chr7	26894859	26894860	rs12536145	chr7	26889801	26890200	17_EnhW2	4660
chr7	26895064	26895065	rs10242572	chr7	26889801	26890200	17_EnhW2	4865
chr7	26895079	26895080	rs10256250	chr7	26889801	26890200	17_EnhW2	4880
chr7	26895455	26895456	rs3801809	chr7	26889801	26890200	17_EnhW2	5256
chr7	26895469	26895470	rs3839809	chr7	26889801	26890200	17_EnhW2	5270
chr7	26895819	26895820	rs3839808	chr7	26889801	26890200	17_EnhW2	5620
chr7	26896554	26896555	rs3801808	chr7	26889801	26890200	17_EnhW2	6355
chr7	26897438	26897439	rs3801807	chr7	26889801	26890200	17_EnhW2	7239
chr7	26897639	26897640	rs3801805	chr7	26889801	26890200	17_EnhW2	7440
chr7	26900355	26900356	rs10486485	chr7	26908201	26908600	17_EnhW2	7846
chr7	26901739	26901740	rs3801803	chr7	26908201	26908600	17_EnhW2	6462
chr7	26902061	26902062	rs72350381	chr7	26908201	26908600	17_EnhW2	6140
chr7	26903660	26903661	rs73069539	chr7	26908201	26908600	17_EnhW2	4541
chr7	26904329	26904330	rs17323934	chr7	26908201	26908600	17_EnhW2	3872
chr7	26904769	26904770	rs73069540	chr7	26908201	26908600	17_EnhW2	3432
chr7	26904927	26904928	rs73069541	chr7	26908201	26908600	17_EnhW2	3274
chr7	26905730	26905731	rs12540388	chr7	26908201	26908600	17_EnhW2	2471
chr7	26907122	26907123	rs2391362	chr7	26908201	26908600	17_EnhW2	1079
chr7	26907173	26907174	rs369652839	chr7	26908201	26908600	17_EnhW2	1028
chr7	26911903	26911904	rs76438067	chr7	26908601	26909000	16_EnhW1	2904
chr7	50462404	50462405	rs56177096	chr7	50503601	50504800	15_EnhAF	41197
chr7	50462407	50462408	rs55736272	chr7	50503601	50504800	15_EnhAF	41194
chr7	50462417	50462418	rs10216316	chr7	50503601	50504800	15_EnhAF	41184
chr7	50462497	50462498	rs10215297	chr7	50503601	50504800	15_EnhAF	41104
chr7	50462934	50462935	rs6952409	chr7	50503601	50504800	15_EnhAF	40667
chr7	50465205	50465206	rs55981617	chr7	50503601	50504800	15_EnhAF	38396
chr7	50465829	50465830	rs62447205	chr7	50503601	50504800	15_EnhAF	37772
chr7	50466275	50466276	rs56156635	chr7	50503601	50504800	15_EnhAF	37326
chr7	50466303	50466304	rs11978267	chr7	50503601	50504800	15_EnhAF	37298
chr7	50466694	50466695	rs6973210	chr7	50503601	50504800	15_EnhAF	36907
chr7	50466796	50466797	rs6960400	chr7	50503601	50504800	15_EnhAF	36805
chr7	50467766	50467767	rs61731355	chr7	50503601	50504800	15_EnhAF	35835
chr7	50468951	50468952	rs10278451	chr7	50503601	50504800	15_EnhAF	34650
chr7	50469550	50469551	rs11552047	chr7	50503601	50504800	15_EnhAF	34051
chr7	50469980	50469981	rs11980379	chr7	50503601	50504800	15_EnhAF	33621
chr7	50470137	50470138	rs62447207	chr7	50503601	50504800	15_EnhAF	33464
chr7	50470155	50470156	rs62447208	chr7	50503601	50504800	15_EnhAF	33446
chr7	50470378	50470379	rs33999320	chr7	50503601	50504800	15_EnhAF	33223
chr7	50470603	50470604	rs4132601	chr7	50503601	50504800	15_EnhAF	32998
chr7	50471612	50471613	rs11980407	chr7	50503601	50504800	15_EnhAF	31989
chr7	50472323	50472324	rs62445866	chr7	50503601	50504800	15_EnhAF	31278
chr7	50472841	50472842	rs58923657	chr7	50503601	50504800	15_EnhAF	30760
chr7	50473250	50473251	rs6964969	chr7	50503601	50504800	15_EnhAF	30351
chr7	50473289	50473290	rs6956014	chr7	50503601	50504800	15_EnhAF	30312
chr7	50473750	50473751	rs6944602	chr7	50503601	50504800	15_EnhAF	29851
chr7	50473869	50473870	rs28462675	chr7	50503601	50504800	15_EnhAF	29732
chr7	50474928	50474929	rs150935798	chr7	50503601	50504800	15_EnhAF	28673
chr7	50474930	50474931	rs114373434	chr7	50503601	50504800	15_EnhAF	28671
chr7	50475320	50475321	rs10264390	chr7	50503601	50504800	15_EnhAF	28281
chr7	50475830	50475831	rs28696237	chr7	50503601	50504800	15_EnhAF	27771
chr7	50477143	50477144	rs10230978	chr7	50503601	50504800	15_EnhAF	26458
chr7	50477212	50477213	rs10272724	chr7	50503601	50504800	15_EnhAF	26389
chr7	50477513	50477514	rs17133805	chr7	50503601	50504800	15_EnhAF	26088
chr7	50477610	50477611	rs62445869	chr7	50503601	50504800	15_EnhAF	25991
chr7	50477686	50477687	rs17133807	chr7	50503601	50504800	15_EnhAF	25915
chr7	50478626	50478627	rs1110701	chr7	50503601	50504800	15_EnhAF	24975
chr7	51015192	51015193	rs7780389	chr7	51020601	51020800	17_EnhW2	5409
chr7	51015234	51015235	rs7790800	chr7	51020601	51020800	17_EnhW2	5367
chr7	51015581	51015582	rs7776597	chr7	51020601	51020800	17_EnhW2	5020
chr7	51016432	51016433	rs1074570	chr7	51020601	51020800	17_EnhW2	4169
chr7	51016457	51016458	rs1074571	chr7	51020601	51020800	17_EnhW2	4144
chr7	51017360	51017361	rs2189822	chr7	51020601	51020800	17_EnhW2	3241
chr7	51017652	51017653	rs2329565	chr7	51020601	51020800	17_EnhW2	2949
chr7	51017654	51017655	rs2329566	chr7	51020601	51020800	17_EnhW2	2947
chr7	51018070	51018071	rs2876901	chr7	51020601	51020800	17_EnhW2	2531
chr7	51018102	51018103	rs2329568	chr7	51020601	51020800	17_EnhW2	2499
chr7	51018499	51018500	rs34414436	chr7	51020601	51020800	17_EnhW2	2102
chr7	51018501	51018502	rs35179062	chr7	51020601	51020800	17_EnhW2	2100
chr7	51019661	51019662	rs7800611	chr7	51020601	51020800	17_EnhW2	940
chr7	51020335	51020336	rs1016431	chr7	51020601	51020800	17_EnhW2	266
chr7	51020409	51020410	rs1016432	chr7	51020601	51020800	17_EnhW2	192
chr7	51020807	51020808	rs917072	chr7	51020801	51021000	15_EnhAF	0
chr7	51022159	51022160	rs11765215	chr7	51021801	51022600	17_EnhW2	0
chr7	51023150	51023151	rs1989265	chr7	51021801	51022600	17_EnhW2	551
chr7	51023320	51023321	rs720068	chr7	51021801	51022600	17_EnhW2	721
chr7	51023565	51023566	rs1859477	chr7	51021801	51022600	17_EnhW2	966
chr7	51023663	51023664	rs917073	chr7	51021801	51022600	17_EnhW2	1064
chr7	51024782	51024783	rs7803628	chr7	51021801	51022600	17_EnhW2	2183
chr7	51026910	51026911	rs4947530	chr7	51030201	51030600	17_EnhW2	3291
chr7	51027193	51027194	rs4948088	chr7	51030201	51030600	17_EnhW2	3008
chr7	51027615	51027616	rs1018979	chr7	51030201	51030600	17_EnhW2	2586
chr7	51027684	51027685	rs1018980	chr7	51030201	51030600	17_EnhW2	2517
chr7	51028321	51028322	rs1018941	chr7	51030201	51030600	17_EnhW2	1880
chr7	51028399	51028400	rs1018942	chr7	51030201	51030600	17_EnhW2	1802
chr7	51028986	51028987	rs10277986	chr7	51030201	51030600	17_EnhW2	1215
chr7	99548235	99548236	rs138095954	chr7	99551001	99551600	16_EnhW1	2766
chr7	99549165	99549166	rs147486097	chr7	99551001	99551600	16_EnhW1	1836
chr7	99632299	99632300	rs74332524	chr7	99632801	99633200	13_EnhA1	502
chr7	99640331	99640332	rs200222273	chr7	99639201	99639800	17_EnhW2	532
chr7	99674561	99674562	rs146724742	chr7	99680401	99680600	16_EnhW1	5840
chr7	99719400	99719401	rs189212147	chr7	99726001	99726400	16_EnhW1	6601
chr7	99728545	99728546	rs77273076	chr7	99726001	99726400	16_EnhW1	2146
chr8	128100036	128100037	rs551191707	chr8	128100201	128100600	16_EnhW1	165
chr8	128100036	128100037	rs57532727	chr8	128100201	128100600	16_EnhW1	165
chr9	4282535	4282536	rs4380994	chr9	4278001	4278200	14_EnhA2	4336
chr9	4282941	4282942	rs3892354	chr9	4278001	4278200	14_EnhA2	4742
chr9	4283136	4283137	rs1574285	chr9	4278001	4278200	14_EnhA2	4937
chr9	4283681	4283682	rs10974435	chr9	4278001	4278200	14_EnhA2	5482
chr9	4284970	4284971	rs34494309	chr9	4278001	4278200	14_EnhA2	6771
chr9	4285118	4285119	rs57884925	chr9	4278001	4278200	14_EnhA2	6919
chr9	4285985	4285986	rs10758591	chr9	4293201	4294400	13_EnhA1	7216
chr9	4287210	4287211	rs7024686	chr9	4293201	4294400	13_EnhA1	5991
chr9	4287465	4287466	rs7041847	chr9	4293201	4294400	13_EnhA1	5736
chr9	4289049	4289050	rs7034200	chr9	4293201	4294400	13_EnhA1	4152
chr9	4289195	4289196	rs10814914	chr9	4293201	4294400	13_EnhA1	4006
chr9	4290084	4290085	rs4237150	chr9	4293201	4294400	13_EnhA1	3117
chr9	4290540	4290541	rs10116772	chr9	4293201	4294400	13_EnhA1	2661
chr9	4290543	4290544	rs10814915	chr9	4293201	4294400	13_EnhA1	2658
chr9	4290822	4290823	rs6476839	chr9	4293201	4294400	13_EnhA1	2379
chr9	4291267	4291268	rs6476842	chr9	4293201	4294400	13_EnhA1	1934
chr9	4291746	4291747	rs7020673	chr9	4293201	4294400	13_EnhA1	1455
chr9	4291927	4291928	rs10974438	chr9	4293201	4294400	13_EnhA1	1274
chr9	4292082	4292083	rs10758593	chr9	4293201	4294400	13_EnhA1	1119
chr9	4292151	4292152	rs7867224	chr9	4293201	4294400	13_EnhA1	1050
chr9	4293149	4293150	rs10814916	chr9	4293201	4294400	13_EnhA1	52
chr9	4294710	4294711	rs34706136	chr9	4293201	4294400	13_EnhA1	311
chr9	4295582	4295583	rs10758594	chr9	4293201	4294400	13_EnhA1	1183
chr9	4295879	4295880	rs4339696	chr9	4293201	4294400	13_EnhA1	1480
chr9	4296429	4296430	rs10814917	chr9	4293201	4294400	13_EnhA1	2030
chr9	117538333	117538334	rs4574921	chr9	117540201	117540400	17_EnhW2	1868
chr9	117547771	117547772	rs10114470	chr9	117548001	117548600	17_EnhW2	230
chr9	117552884	117552885	rs3810936	chr9	117552801	117553200	17_EnhW2	0
chr9	117553248	117553249	rs4246905	chr9	117552801	117553200	17_EnhW2	49
chr9	117558702	117558703	rs6478108	chr9	117552801	117553200	17_EnhW2	5503
chr9	117563686	117563687	rs4372078	chr9	117565801	117566400	16_EnhW1	2115
chr9	117564874	117564875	rs4366152	chr9	117565801	117566400	16_EnhW1	927
chr9	117566439	117566440	rs4263839	chr9	117566401	117568400	13_EnhA1	0
chr9	117568765	117568766	rs6478109	chr9	117568401	117568800	14_EnhA2	0
chr9	117569045	117569046	rs7848647	chr9	117568801	117569000	17_EnhW2	46
chr9	117571293	117571294	rs35396782	chr9	117568801	117569000	17_EnhW2	2294
chr9	117580913	117580914	rs7869487	chr9	117576001	117576200	17_EnhW2	4714
chr9	136132908	136132909	rs8176719	chr9	136114601	136114800	16_EnhW1	18109
chr9	136137064	136137065	rs687621	chr9	136114601	136114800	16_EnhW1	22265
chr9	136137105	136137106	rs687289	chr9	136114601	136114800	16_EnhW1	22306
chr9	136139264	136139265	rs657152	chr9	136114601	136114800	16_EnhW1	24465
chr9	136143149	136143150	rs71281258	chr9	136114601	136114800	16_EnhW1	28350
chr9	136144307	136144308	rs576123	chr9	136114601	136114800	16_EnhW1	29508
chr9	136145403	136145404	rs9411377	chr9	136114601	136114800	16_EnhW1	30604
chr9	136145914	136145915	rs61457395	chr9	136114601	136114800	16_EnhW1	31115
chr9	136146017	136146018	rs367689313	chr9	136114601	136114800	16_EnhW1	31218
chr9	136149097	136149098	rs8176645	chr9	136114601	136114800	16_EnhW1	34298
chr9	139249520	139249521	rs59335446	chr9	139249401	139249600	14_EnhA2	0
chr9	139249535	139249536	rs56362460	chr9	139249401	139249600	14_EnhA2	0
chr9	139251479	139251480	rs3923827	chr9	139249601	139250400	17_EnhW2	1080
chr9	139252116	139252117	rs7848555	chr9	139249601	139250400	17_EnhW2	1717
chr9	139252878	139252879	rs3812550	chr9	139255001	139255200	17_EnhW2	2123
chr9	139253838	139253839	rs1128905	chr9	139255001	139255200	17_EnhW2	1163
chr9	139254896	139254897	rs10870149	chr9	139255001	139255200	17_EnhW2	105
chr9	139257146	139257147	rs10870201	chr9	139256401	139257000	17_EnhW2	147
chr9	139257410	139257411	rs10870202	chr9	139256401	139257000	17_EnhW2	411
chr9	139259248	139259249	rs11145750	chr9	139258801	139259000	16_EnhW1	249
chr9	139259348	139259349	rs4073153	chr9	139258801	139259000	16_EnhW1	349
chr9	139261085	139261086	rs10781496	chr9	139258801	139259000	16_EnhW1	2086
chr9	139261932	139261933	rs3812555	chr9	139258801	139259000	16_EnhW1	2933
chr9	139263595	139263596	rs11145763	chr9	139266601	139266800	16_EnhW1	3006
chr9	139263890	139263891	rs10870077	chr9	139266601	139266800	16_EnhW1	2711
chr9	139266404	139266405	rs10781499	chr9	139266601	139266800	16_EnhW1	197
chr9	139266495	139266496	rs4077515	chr9	139266601	139266800	16_EnhW1	106
chr9	139266696	139266697	rs4075760	chr9	139266601	139266800	16_EnhW1	0
chr9	139267532	139267533	rs4078099	chr9	139268001	139268200	16_EnhW1	469
chr9	139269134	139269135	rs3812558	chr9	139268201	139268400	17_EnhW2	735
chr9	139269197	139269198	rs3829110	chr9	139268201	139268400	17_EnhW2	798
chr9	139269337	139269338	rs10781500	chr9	139268201	139268400	17_EnhW2	938
chr9	139269482	139269483	rs3829111	chr9	139268201	139268400	17_EnhW2	1083
chr9	139269904	139269905	rs3812560	chr9	139268201	139268400	17_EnhW2	1505
chr9	139270148	139270149	rs3088081	chr9	139268201	139268400	17_EnhW2	1749
chr9	139270605	139270606	rs35670379	chr9	139268201	139268400	17_EnhW2	2206
chr9	139271105	139271106	rs3812563	chr9	139268201	139268400	17_EnhW2	2706
chr9	139271189	139271190	rs3812564	chr9	139268201	139268400	17_EnhW2	2790
chr9	139271354	139271355	rs10781505	chr9	139268201	139268400	17_EnhW2	2955
chr9	139271746	139271747	rs11794847	chr9	139268201	139268400	17_EnhW2	3347
chr9	139271849	139271850	rs11793497	chr9	139268201	139268400	17_EnhW2	3450
chr9	139271918	139271919	rs11791262	chr9	139268201	139268400	17_EnhW2	3519
chr9	139272057	139272058	rs10781507	chr9	139268201	139268400	17_EnhW2	3658
chr9	139272501	139272502	rs3812565	chr9	139268201	139268400	17_EnhW2	4102
chr9	139275203	139275204	rs3812570	chr9	139268201	139268400	17_EnhW2	6804
chr9	139275293	139275294	rs3812571	chr9	139268201	139268400	17_EnhW2	6894
chr9	139276679	139276680	rs3812573	chr9	139268201	139268400	17_EnhW2	8280
chr9	139277058	139277059	rs4567159	chr9	139268201	139268400	17_EnhW2	8659
chr9	139279172	139279173	rs10781510	chr9	139268201	139268400	17_EnhW2	10773
chr9	139279775	139279776	rs4307445	chr9	139268201	139268400	17_EnhW2	11376
chr9	139280611	139280612	rs34717778	chr9	139268201	139268400	17_EnhW2	12212
chr9	139281569	139281570	rs34826348	chr9	139268201	139268400	17_EnhW2	13170
chr9	139281846	139281847	rs78428995	chr9	139295201	139295400	14_EnhA2	13355
chr9	139284789	139284790	rs10870113	chr9	139295201	139295400	14_EnhA2	10412
chr9	139285136	139285137	rs11145839	chr9	139295201	139295400	14_EnhA2	10065
chr9	139289824	139289825	rs4266763	chr9	139295201	139295400	14_EnhA2	5377
chr9	139290010	139290011	rs11145874	chr9	139295201	139295400	14_EnhA2	5191
chr9	139290250	139290251	rs4498662	chr9	139295201	139295400	14_EnhA2	4951
chr9	139293258	139293259	rs3812575	chr9	139295201	139295400	14_EnhA2	1943
chr9	139294246	139294247	rs4330804	chr9	139295201	139295400	14_EnhA2	955
chr9	139296926	139296927	rs1132005	chr9	139295201	139295400	14_EnhA2	1527
chr9	139297920	139297921	rs11145903	chr9	139295201	139295400	14_EnhA2	2521
chr9	139298592	139298593	rs1051957	chr9	139295201	139295400	14_EnhA2	3193
chr9	139300546	139300547	rs10781518	chr9	139295201	139295400	14_EnhA2	5147
chr9	139300875	139300876	rs11145912	chr9	139295201	139295400	14_EnhA2	5476
chr9	139301162	139301163	rs200773058	chr9	139295201	139295400	14_EnhA2	5763
chr9	139301163	139301164	rs370609353	chr9	139295201	139295400	14_EnhA2	5764
chr9	139301171	139301172	rs138408105	chr9	139295201	139295400	14_EnhA2	5772
chr9	139301582	139301583	rs3087886	chr9	139295201	139295400	14_EnhA2	6183
chr9	139302899	139302900	rs10870136	chr9	139295201	139295400	14_EnhA2	7500
chr9	139303300	139303301	rs4487900	chr9	139295201	139295400	14_EnhA2	7901
chr9	139308053	139308054	rs10870146	chr9	139295201	139295400	14_EnhA2	12654
chr9	139310186	139310187	rs12380242	chr9	139295201	139295400	14_EnhA2	14787
chr9	139312718	139312719	rs3812584	chr9	139295201	139295400	14_EnhA2	17319
chr9	139315681	139315682	rs10870164	chr9	139295201	139295400	14_EnhA2	20282
chr9	139316600	139316601	rs10870165	chr9	139295201	139295400	14_EnhA2	21201
chr9	139318070	139318071	rs7628	chr9	139295201	139295400	14_EnhA2	22671
chr9	139320068	139320069	rs10448340	chr9	139295201	139295400	14_EnhA2	24669
chr9	139320928	139320929	rs10781538	chr9	139295201	139295400	14_EnhA2	25529
chr9	139320964	139320965	rs10781539	chr9	139295201	139295400	14_EnhA2	25565
chr9	139321835	139321836	rs10781540	chr9	139295201	139295400	14_EnhA2	26436
chr9	139322502	139322503	rs4259518	chr9	139295201	139295400	14_EnhA2	27103
chr9	139323310	139323311	rs8413	chr9	139295201	139295400	14_EnhA2	27911
chr9	139323423	139323424	rs1128874	chr9	139295201	139295400	14_EnhA2	28024
chr9	139323798	139323799	rs35763810	chr9	139295201	139295400	14_EnhA2	28399
chr9	139326252	139326253	rs11146014	chr9	139295201	139295400	14_EnhA2	30853
chr9	139327033	139327034	rs10870194	chr9	139295201	139295400	14_EnhA2	31634
chr9	139327438	139327439	rs10781542	chr9	139295201	139295400	14_EnhA2	32039
chr9	139327868	139327869	rs10735662	chr9	139295201	139295400	14_EnhA2	32469
chr9	139328368	139328369	rs10781543	chr9	139295201	139295400	14_EnhA2	32969
chr9	139328721	139328722	rs7851507	chr9	139295201	139295400	14_EnhA2	33322
chr9	139330594	139330595	rs35735363	chr9	139295201	139295400	14_EnhA2	35195
chr9	139335598	139335599	rs1127152	chr9	139295201	139295400	14_EnhA2	40199
chr9	139336812	139336813	rs7874956	chr9	139295201	139295400	14_EnhA2	41413
chr9	139337683	139337684	rs10657567	chr9	139379201	139379600	16_EnhW1	41518
chr9	139340350	139340351	rs36066734	chr9	139379201	139379600	16_EnhW1	38851
chr9	139352945	139352946	rs10870065	chr9	139379201	139379600	16_EnhW1	26256
chr9	139364584	139364585	rs11145756	chr9	139379201	139379600	16_EnhW1	14617
chr9	139365766	139365767	rs11346549	chr9	139379201	139379600	16_EnhW1	13435
chr9	139371785	139371786	rs6560632	chr9	139379201	139379600	16_EnhW1	7416
chr9	139375961	139375962	rs4378078	chr9	139379201	139379600	16_EnhW1	3240
chr9	139376425	139376426	rs4379550	chr9	139379201	139379600	16_EnhW1	2776
chr9	139383585	139383586	rs66481324	chr9	139379201	139379600	16_EnhW1	3986
chrX	135661798	135661799	rs2807261	chrX	135668601	135669000	17_EnhW2	6803
chrX	135662053	135662054	rs2518882	chrX	135668601	135669000	17_EnhW2	6548
chrX	135663180	135663181	rs2807263	chrX	135668601	135669000	17_EnhW2	5421
chrX	135665777	135665778	rs2807264	chrX	135668601	135669000	17_EnhW2	2824
chrX	135666414	135666415	rs2807266	chrX	135668601	135669000	17_EnhW2	2187
chrX	135666452	135666453	rs2807267	chrX	135668601	135669000	17_EnhW2	2149
chrX	135666582	135666583	rs34891204	chrX	135668601	135669000	17_EnhW2	2019
chrX	135666847	135666848	rs2807257	chrX	135668601	135669000	17_EnhW2	1754
chrX	135666922	135666923	rs2518883	chrX	135668601	135669000	17_EnhW2	1679
chrX	135668902	135668903	rs2807258	chrX	135668601	135669000	17_EnhW2	0
chrX	135668987	135668988	rs2518885	chrX	135668601	135669000	17_EnhW2	0
chrX	135670592	135670593	rs2518886	chrX	135668601	135669000	17_EnhW2	1593
chrX	135670823	135670824	rs12852548	chrX	135668601	135669000	17_EnhW2	1824
chrX	135671220	135671221	rs2807259	chrX	135668601	135669000	17_EnhW2	2221
chrX	135673224	135673225	rs5930965	chrX	135668601	135669000	17_EnhW2	4225
chrX	135673609	135673610	rs7890404	chrX	135668601	135669000	17_EnhW2	4610
chrX	135674043	135674044	rs2807260	chrX	135668601	135669000	17_EnhW2	5044
chrX	135674387	135674388	rs2518888	chrX	135668601	135669000	17_EnhW2	5388
chrX	135674542	135674543	rs2518889	chrX	135668601	135669000	17_EnhW2	5543
chrX	135674680	135674681	rs55649247	chrX	135668601	135669000	17_EnhW2	5681
chrX	135675754	135675755	rs2518891	chrX	135668601	135669000	17_EnhW2	6755
chrX	135676658	135676659	rs144807293	chrX	135668601	135669000	17_EnhW2	7659
chrX	135676895	135676896	rs2518892	chrX	135668601	135669000	17_EnhW2	7896
chrX	135677558	135677559	rs2518893	chrX	135668601	135669000	17_EnhW2	8559
chrX	135677709	135677710	rs2518894	chrX	135668601	135669000	17_EnhW2	8710
chrX	135678839	135678840	rs2518895	chrX	135668601	135669000	17_EnhW2	9840
chrX	135679052	135679053	rs2518896	chrX	135668601	135669000	17_EnhW2	10053
chrX	135679058	135679059	rs2518897	chrX	135668601	135669000	17_EnhW2	10059
chrX	135679630	135679631	rs2518899	chrX	135668601	135669000	17_EnhW2	10631
chrX	135679959	135679960	rs2518900	chrX	135668601	135669000	17_EnhW2	10960
chrX	135680077	135680078	rs2518901	chrX	135668601	135669000	17_EnhW2	11078
chrX	135680773	135680774	rs2518902	chrX	135668601	135669000	17_EnhW2	11774
chrX	135680969	135680970	rs12556398	chrX	135668601	135669000	17_EnhW2	11970
chrX	135681109	135681110	rs2518903	chrX	135668601	135669000	17_EnhW2	12110
chrX	135681822	135681823	rs2518904	chrX	135668601	135669000	17_EnhW2	12823
chrX	135681928	135681929	rs73242348	chrX	135668601	135669000	17_EnhW2	12929
chrX	135682886	135682887	rs12007112	chrX	135668601	135669000	17_EnhW2	13887
chrX	135682958	135682959	rs34030418	chrX	135668601	135669000	17_EnhW2	13959
chrX	135683354	135683355	rs12012220	chrX	135668601	135669000	17_EnhW2	14355
chrX	135683499	135683500	rs12012314	chrX	135668601	135669000	17_EnhW2	14500
chrX	135683507	135683508	rs73228703	chrX	135668601	135669000	17_EnhW2	14508
chrX	135684161	135684162	rs12848318	chrX	135668601	135669000	17_EnhW2	15162
chrX	135684497	135684498	rs12850721	chrX	135668601	135669000	17_EnhW2	15498
chrX	135685168	135685169	rs12559890	chrX	135668601	135669000	17_EnhW2	16169
chrX	135685562	135685563	rs12014670	chrX	135668601	135669000	17_EnhW2	16563
chrX	135687008	135687009	rs12556784	chrX	135668601	135669000	17_EnhW2	18009
chrX	135687539	135687540	rs12559116	chrX	135668601	135669000	17_EnhW2	18540
chrX	135689019	135689020	rs35716306	chrX	135668601	135669000	17_EnhW2	20020
chrX	135689559	135689560	rs12558063	chrX	135668601	135669000	17_EnhW2	20560
chrX	153839814	153839815	rs2004651	chrX	153832801	153833000	17_EnhW2	6815
chrX	153841458	153841459	rs5945101	chrX	153832801	153833000	17_EnhW2	8459
chrX	153878000	153878001	rs4526543	chrX	153832801	153833000	17_EnhW2	45001
chrX	153880180	153880181	rs2075897	chrX	153923601	153924000	17_EnhW2	43421
chrX	153880829	153880830	rs4326559	chrX	153923601	153924000	17_EnhW2	42772
chrX	153881367	153881368	rs59435222	chrX	153923601	153924000	17_EnhW2	42234
chrX	153881524	153881525	rs17328091	chrX	153923601	153924000	17_EnhW2	42077
chrX	153885337	153885338	rs10127172	chrX	153923601	153924000	17_EnhW2	38264
chrX	153887203	153887204	rs5945222	chrX	153923601	153924000	17_EnhW2	36398
chrX	153887669	153887670	rs5945223	chrX	153923601	153924000	17_EnhW2	35932
chrX	153888134	153888135	rs5945224	chrX	153923601	153924000	17_EnhW2	35467
chrX	153889648	153889649	rs4281265	chrX	153923601	153924000	17_EnhW2	33953
chrX	153892866	153892867	rs5987005	chrX	153923601	153924000	17_EnhW2	30735
chrX	153896990	153896991	rs5987007	chrX	153923601	153924000	17_EnhW2	26611
chrX	153898927	153898928	rs5945228	chrX	153923601	153924000	17_EnhW2	24674
chrX	153899112	153899113	rs5945107	chrX	153923601	153924000	17_EnhW2	24489
chrX	153903202	153903203	rs4425916	chrX	153923601	153924000	17_EnhW2	20399
chrX	153903394	153903395	rs4595297	chrX	153923601	153924000	17_EnhW2	20207
chrX	153904472	153904473	rs4431759	chrX	153923601	153924000	17_EnhW2	19129
chrX	153907056	153907057	rs4131998	chrX	153923601	153924000	17_EnhW2	16545
chrX	153907748	153907749	rs5945109	chrX	153923601	153924000	17_EnhW2	15853
chrX	153908831	153908832	rs5987011	chrX	153923601	153924000	17_EnhW2	14770
chrX	153915629	153915630	rs6643689	chrX	153923601	153924000	17_EnhW2	7972
chrX	153917986	153917987	rs76752942	chrX	153923601	153924000	17_EnhW2	5615
chrX	153918162	153918163	rs4339802	chrX	153923601	153924000	17_EnhW2	5439
chrX	153918272	153918273	rs4445391	chrX	153923601	153924000	17_EnhW2	5329
chrX	153920257	153920258	rs4898393	chrX	153923601	153924000	17_EnhW2	3344
chrX	153928030	153928031	rs884840	chrX	153925001	153925200	17_EnhW2	2831
chrX	153931733	153931734	rs6643692	chrX	153925001	153925200	17_EnhW2	6534
chrX	153933144	153933145	rs112439069	chrX	153940801	153941200	17_EnhW2	7657
chrX	153934703	153934704	rs35975601	chrX	153940801	153941200	17_EnhW2	6098
chrX	153935397	153935398	rs6643615	chrX	153940801	153941200	17_EnhW2	5404
chrX	153937408	153937409	rs111777881	chrX	153940801	153941200	17_EnhW2	3393
chrX	153937415	153937416	rs111465891	chrX	153940801	153941200	17_EnhW2	3386
chrX	153937418	153937419	rs138487851	chrX	153940801	153941200	17_EnhW2	3383
chrX	153937419	153937420	rs6643694	chrX	153940801	153941200	17_EnhW2	3382
chrX	153937450	153937451	rs5945230	chrX	153940801	153941200	17_EnhW2	3351
chrX	153937452	153937453	rs5945231	chrX	153940801	153941200	17_EnhW2	3349
chrX	153939324	153939325	rs5945233	chrX	153940801	153941200	17_EnhW2	1477
chrX	153939662	153939663	rs2664169	chrX	153940801	153941200	17_EnhW2	1139
chrX	153945601	153945602	rs2664170	chrX	153945801	153946000	17_EnhW2	200
chrX	153947980	153947981	rs5987015	chrX	153947801	153948200	17_EnhW2	0
chrX	153948159	153948160	rs5987016	chrX	153947801	153948200	17_EnhW2	0
chrX	153948686	153948687	rs2728723	chrX	153947801	153948200	17_EnhW2	487
chrX	153949216	153949217	rs2728526	chrX	153947801	153948200	17_EnhW2	1017
chrX	153949613	153949614	rs2664172	chrX	153947801	153948200	17_EnhW2	1414
chrX	153949792	153949793	rs1605895	chrX	153947801	153948200	17_EnhW2	1593
chrX	153950634	153950635	rs1848763	chrX	153947801	153948200	17_EnhW2	2435
chrX	153952146	153952147	rs2728528	chrX	153955401	153955600	15_EnhAF	3255
chrX	153963300	153963301	rs35659282	chrX	153963201	153963600	15_EnhAF	0
chrX	153963755	153963756	rs2728725	chrX	153963601	153964000	13_EnhA1	0
